9.880437966353156
25.429265890919964
15.184607805213801
12.55299215117742
67.34325495332838
41.918667255168444
6.72204394807585
15.353263994985696
45.12363910398088
15.079492119504408
18.37753436864773
43.77530230251753
18.450639377204794
27.291864033850132
24.363660080928526
13.015133961728708
3.3360516623524603
20.71201021058029
8.341767445016373
11.733897809748399
27.130411366782155
24.405538747866586
31.302827984990998
11.820370432814968
33.947678103693946
1.4300482282730087
3.2070601857551395
16.222454579944568
7.464713935131499
7.22190212721344
0.07512390537540625
