6.485572549263196
36.381649380792794
9.14268951316285
27.67930913092181
21.31140012626156
18.46376412891557
30.485082167194548
24.291554124711126
4.975968004194399
23.394115351146738
17.22505979229841
10.56672114639612
12.076210355599812
10.032225104727942
5.533885379875116
11.026461369142694
32.79860335575893
16.473250830051654
4.332635542382803
38.856048007902174
24.62830535265924
16.197233128148852
4.777580832372237
47.60236274114783
43.35970464660916
7.285557117989072
35.12316149653756
7.6866777579149215
4.45129983251941
5.248622351453889
15.669381075648246
17.970648464656307
