6.277084283567319
25.196926930986052
40.03056911574113
22.26345104974567
29.90986372379112
35.133231154870415
50.482231487985686
74.3923903049247
27.517422046152546
30.100973755932543
8.21273699162505
12.835442131765092
25.784842765630927
23.74205527716076
35.79669425719371
28.399464135097787
7.956538866294608
10.044954051757415
10.196052133505574
13.818261983112734
17.552240291464784
12.931486019913109
3.2710862981669777
11.350030326779702
20.28079816052268
14.129501606626647
8.147364301281968
41.48274495290245
