9.880437966353185
24.00295158497522
16.56043296784128
10.022558147710669
74.86640084797094
49.482102032277524
5.50921755371283
14.644687226076684
39.91851021968898
12.892376122687494
18.088089862110962
42.25719977991301
19.14691870202796
24.466138607785894
23.829208334549406
8.411429522205566
2.583483054593671
23.21912837397619
7.491277066638233
11.912753375362044
27.186719612728552
21.82879394601568
28.588115201682655
12.400563450593822
20.355374068942695
1.4300482282730371
3.002310459167262
16.123435021666992
6.966162298234039
8.13626731213526
0.07512390537540625
