27.503967181666923
40.37601419235321
56.955996582680726
17.873594132026
51.715692959574014
30.07646031747285
31.07906887219295
7.747050356153167
4.79619004488795
24.893613960854594
38.438754265443066
7.1458032352012
17.96202693178934
19.318400793161132
47.30669792374711
40.26858290611591
12.036685064004217
51.39206123752396
24.91612221543977
1.8921706913269958
28.13641996806318
46.7155814075888
17.414169099267937
369.4326180761808
18.384415710816654
12.329443502643912
13.592107637264704
61.7153672759279
