63.47937273148891
51.56746791113471
20.965398815103896
35.75336011230735
5.9841315323817525
32.91291458294414
31.91580977032757
22.965196807110885
33.41287920553883
36.4098343593914
1.949298941430996
12.738653908367525
18.973607311401395
32.58244405431152
12.232088168909769
5.749426142251835
8.91007916766226
19.819716988080586
19.53235266969739
25.77298174114958
20.29220918769903
1.6542100234080976
15.494047263844962
20.645637040851668
22.37444171434501
37.21732354745929
12.57932852583805
5.588422434986214
15.632075290437626
27.38956608597256
9.751452337845492
40.03600282556695
