58.46432273772612
31.955272251747317
18.354687541386255
34.64713758835504
28.411495848569302
11.420490032922885
8.692104547807944
33.784460821735806
8.838344431911281
66.61403897475971
1.7643907936999597
10.402972184419468
4.629716719681312
25.59265994109245
15.25662435501458
27.505086054310112
10.875180992075727
4.683533267495108
30.756826356833628
33.551975977954015
9.520167822495267
1.4291625829985577
13.714662639793545
26.3106159925059
9.549811373665221
23.30995984284668
10.401843034682557
17.212608049506827
4.432800598959361
