79.34634918354591
9.697344234872617
32.679188179090374
264.2667720076288
23.57805978243914
10.425758481690139
29.407332029593064
18.48757046215188
49.71169844171365
16.751820053102534
3.7043013145750905
13.80800039625393
19.091543580081364
9.471399781352872
2.15052014449482
39.524024432594246
40.474344757510536
18.012629735220884
22.651686431873628
6.903726897878073
37.739340066459974
5.182374254284724
5.120609835471797
8.542731506552144
6.339976788330134
10.189364574820772
379.7146442630887
16.97143788936738
