31.827167206710683
22.519336415386306
27.44408404765329
20.845278797362013
37.11071373754996
8.984140309391861
1.185603712731094
10.676803103823403
16.13212940578174
40.69016846500983
8.16403549202478
17.67658294092847
20.201683232030618
3.7400017116438704
17.121810755313646
4.636867378320119
1.8581684743794114
6.513210207336215
11.166616574348879
5.850897670032495
5.268655224591953
5.348259995281367
4.989493238137754
9.98524734910518
17.86246371275378
14.77283787282009
4.899030744854912
33.33884103271677
23.642322360795873
18.478441691265914
0.9055490803040129
10.492575985060185
