36.04194994407166
26.872039087716615
24.668437696544913
33.50436086459433
38.6561246801372
33.766900370876044
17.411246062071612
31.884078574862883
5.219835086213692
12.705439414142461
35.43552893616081
36.63666417252128
3.0151508043875737
36.49086415422394
22.540952025727535
24.962494526299935
32.5654323592771
32.36501964610838
17.062134001612506
27.286948728352357
16.527725220008847
6.821064592862854
17.102084073978716
28.037321806246624
13.194038597825113
37.986303772592024
28.149599992461532
13.636871812296178
21.18346299301031
2.653893095217853
9.651720829060153
2.711485623631617
7.662718502770119
20.477399512850127
0.3674194034002909
5.358417806853041
6.258362690279583
23.29602410593897
