43.19508515353566
29.276891682957114
15.174435490926314
26.664912815730602
7.833896849295272
7.5540199627705675
41.1250272368145
10.339671462372579
6.70223774516667
31.7960968608877
5.146490210254115
26.58169507153545
27.948050002364738
25.680929022070046
39.83378741653124
55.67022663376136
6.592852575520652
7.519323943495323
27.208783560211486
14.811877659703455
4.5664644472914375
7.131514862102961
26.82300868213703
8.939965279048735
2.807323413062477
7.061234991982303
15.466846052022007
8.958240705728116
22.49279124663488
16.97092326028597
