44.06307334867239
42.190749292232766
41.971303299518055
26.440394953742057
31.25621950283444
2.3574924071705254
9.212356444093274
18.277690943779874
22.43601627110114
28.73853795332647
9.72710435246897
23.62577539951647
4.27201222527512
3.2073706569099585
5.264338787380325
19.15785407880685
22.156514358369023
0.4273120926213778
3.2237835455769783
12.280219037782288
2.526159250703188
37.93120477729077
37.63125889068044
32.18551625461839
25.034952647024568
6.355501447101005
12.517793884014694
16.279356627405974
4.4104308269375565
17.159198925858448
