28.5688128715488
50.00055848928042
5.445344905326834
24.11075096815543
29.28475415048524
17.522449080558204
41.655210578708505
43.152042489873054
7.371866163443315
18.13763336685861
154.7617192596258
6.52291742298128
37.030155057483185
13.760113684458531
7.39829571905247
28.555153603401493
9.6628278082502
31.195904449573078
18.090669509983243
23.247322923818587
17.202045874028926
26.131103627004165
15.296745410034845
28.989298692958414
15.77915612460076
12.33611355690769
24.235023861338973
12.94583480171292
3.2082988345643884
3.3337639580596914
20.530664767435383
19.179328860311188
9.545796718196215
18.01977707898243
