26.74422831214288
52.83087071569929
9.292749373801115
16.253610285639155
45.910250383208705
77.95729273333788
34.64358049179285
19.720561779586745
12.79476953420243
2.3316016223373595
22.04515917541069
44.44398322154764
16.69212214828144
39.07568140970514
35.06994080765571
4.621398486646044
55.829583566871804
33.78421997517245
30.790428422982217
2.7373551996136882
19.266070828138254
19.496182426663538
0.2822510019715736
27.127759184591113
23.09165999149367
46.19811681581672
24.953361417509583
17.483466936713228
5.7029539570755645
16.829113084220808
8.286530328924016
9.79596239310861
0.0
