43.90930336980544
31.166777903099785
15.282558791119357
25.31252922887748
8.042938909358497
8.247796667282472
43.85901971609513
10.339671462372692
6.702237745166684
31.69667093631209
5.072023737840709
67.39914624844563
30.32756277459073
24.86530768527298
39.68487363942327
59.228380513197365
7.1089266596711695
8.409948121142236
26.015448329292482
17.94100444360275
4.5562083872090255
7.689161985008781
33.953576053741514
11.03439849232386
2.807323413062335
9.81332389332269
15.304066690005186
12.74579060482003
26.06770738862231
19.453250298523884
