15.146678343818834
20.786147294871498
25.7346915237149
33.188556376956484
25.435454559359187
35.587562801905335
8.871215296569687
18.271354975663343
5.384152115769595
26.605398204232813
38.89369490069768
32.86670739283707
28.232809891353412
18.931613358108223
8.475220222479706
4.083567716719131
17.8364746849019
32.77411944311244
30.667055546791033
15.127555195554947
19.452441577083164
6.075366765322514
12.469154877669837
20.86625014158136
20.55269601372484
30.361746397515162
87.43182932182972
10.239286102825986
11.783607033201179
22.058120550105357
36.04044045316134
10.095328763631798
21.425827700926547
