28.10790991970015
55.852223209627
31.989417648860808
30.494470875121976
26.50600211457865
32.16419171317145
16.53971770813955
6.006547023833491
33.527312228334765
30.94914752433931
2.837755406304069
21.219361883831795
10.686587052963503
60.75838877290204
15.313698446281535
7.002534021994876
11.781991147768295
10.426114631337128
24.82871858982554
2.581382381772272
33.313126553095316
84.61950198348042
9.452712237363158
6.744371035084129
24.048913106731632
6.940536991131765
4.801833149163613
2.5900356864696477
0.31310862823241337
14.715330847944855
22.90201113968891
10.701869735740615
12.05691426557739
14.868880619303752
12.93352543936426
