83.41356881691458
36.04324545363576
28.373413799215825
1.7798903114268114
40.48432413996487
15.878862599647988
25.64140849263876
7.971776633424454
10.224031058829581
67.86533273656006
33.39568356064132
30.50740419396365
27.99147272286038
2.818960923579894
6.914372683308088
26.232479601650155
3.5647091033088003
56.03995205230905
3.5884431532675762
20.643549828337683
58.45785574534034
9.029813347751258
24.631536452266616
3.5738378212543154
13.320513695753775
9.257884706918375
1.057107246814894
4.419784338599385
