64.20161688737178
52.71908096443977
5.267500177982953
31.99105644501836
47.96556372568885
2.804748796921018
32.88844939803484
65.43877705935701
68.28634803007824
38.67176674375747
58.1804410322724
24.212491982449578
27.314466036376146
13.499051369512017
25.506318186386096
24.170779207520894
7.312168944751448
11.683924462657558
21.93204473118459
28.378552353062346
3.189527799058311
14.87670607459151
15.428763341931074
4.114668993966262
3.7467433133996053
9.7302932426024
10.825604368067232
11.250016693987817
37.81231733763187
48.8379243159801
21.42395796909979
30.24877703431916
13.251266308907873
