25.525494050531393
18.567578204436728
26.904086711816646
18.893281202941395
28.149088352133816
22.003585519711436
30.71539554480448
4.274110490966237
15.345546843613306
6.10935802287014
29.733911699295675
8.707054155235056
18.586302457625493
4.560055012081321
18.544569659215654
19.70191571628972
42.36460073667291
13.915670191615305
12.635479278636552
32.14395924332045
7.8629436716543495
9.380493229426435
13.546114685870478
52.450165708365375
18.162625585238942
23.44757654777399
17.506874822217014
20.801344369027603
22.321097425822998
2.3233366271602875
