38.8140023341534
51.37308213408721
4.984371508536071
35.37576057261526
20.392152438182094
48.9619401135395
55.255156737475346
52.34320977029496
29.837440600756594
19.66718854605054
4.673659306668895
10.990307962633679
15.523267514785289
11.534527240131098
36.98640339929668
53.20571505748336
16.73432083088356
78.38081962028772
12.095338566410973
9.608786350452547
12.14051782405987
50.37393527037503
3.85711703215307
31.89879772420423
17.479043351616795
21.333270369572944
16.449590707048046
10.962929432913114
