26.745748237646268
16.325273637948598
8.392459791781562
27.61514029118041
29.51076743616531
15.555666717259555
49.42598276267226
17.825745630689738
9.399999367763002
7.432377504521355
33.709772651754776
16.107740198150736
34.028358425521645
7.022301976053782
11.353834968176074
21.642399845882494
19.31926864727103
20.053375768755316
18.69266226233178
15.805425588382917
22.885944988316595
31.131637331443855
9.10423265093766
11.255789369319388
27.993687143749895
20.983882793452665
16.472321877077732
46.17235532387507
32.70938251236218
20.16109240376491
31.107158769865336
17.053014768426948
14.649908794625759
9.90479207369745
34.97412544940869
0.0
