32.91833417907162
7.447765680853081
10.108401538762791
21.68435667359222
26.67555976005268
29.91637610714838
27.61553936785363
52.5980297079727
51.27430827246616
7.872991702613561
3.8496586587169475
7.925928351130423
14.039639172555653
3.4821148764871026
4.607761941361034
28.688824960115966
25.08421387491424
12.614034116656569
33.82929555528112
13.762734636663254
2.669372271610655
7.001841316306525
4.864335411640397
12.220216738083522
3.758582797801793
6.051801286204622
14.301786114501425
14.603754477265497
8.878450638858098
