13.876750970642235
20.207835403541395
41.41828419911589
33.37407970984866
15.755522610453966
24.057122941106726
40.026784019675276
12.707334291463866
16.848544905958647
15.320677777604772
8.454545095105118
23.418524181461976
13.826818400404974
12.098539408537178
7.9641767624201805
15.28412753242894
3.962588290436102
30.975057938245143
37.84841765481809
14.492662302283293
0.45117093391307606
15.100099908013831
7.524816678107129
1.4928229932896073
10.478215845139161
14.666083310089832
10.344665528439464
2.364879922437183
9.41800519705076
2.3399332531675867
