26.294985024500818
30.600262391123437
4.559325492007218
8.047753328445651
39.18742166137989
22.920964781295723
10.999678969067702
20.831827837900946
9.852742247938806
10.41640083467091
16.92678360081416
32.04936037559109
57.310992002026424
19.570659230317773
30.49932965405621
31.03906791538823
22.499714857508593
31.60249285974284
19.42261562697537
19.181243483874965
10.038433226680866
25.88183914922965
17.19265413807696
4.963077493197886
22.48203605618086
12.127716170931606
23.30501465227151
4.928748312540492
6.780359230424779
14.178299959107107
22.87689757059404
