21.304286133827063
55.393197839535034
41.0371572736705
57.94485866264047
11.073958976770996
15.339721731353805
27.133920077609275
15.728907873695817
35.42047404449012
8.66515616062685
5.836278926970337
53.24829511564812
45.663587002938854
11.65498031073679
12.073714924942237
42.89385688674548
11.739147132716582
6.001962878743456
2.4810353447509073
12.275989652586873
19.52400224380858
26.1110758545002
2.83738658406601
22.080852059578476
28.069963853622752
4.464186636662433
2.2824690703150594
13.625893153339348
22.811280326381862
0.20346444314131418
