25.900082529720535
64.83596508042912
375.4335351530929
31.2915950314526
12.941062886350494
14.80490555823286
16.157965412626652
16.338349198232763
52.24573183891985
2.3920958909977514
7.1040040415171575
7.638022104588288
17.817635419570337
19.12539139918131
22.80638547460002
36.89867956901318
40.69200724854653
21.86957236028468
6.7901041362854215
18.821226737317545
8.815262990195876
46.313068644641675
33.074190970611426
24.817163940998356
23.227813222776916
16.980561087230853
25.825402867854507
