7.911391234165222
31.470988718678782
60.12835649098734
42.89355344165497
33.58195017008205
25.518475825871135
23.060523383950766
50.82966449451352
2.922806471219843
14.006417168191462
7.833807222922374
35.84489273932107
16.41378291280469
16.299513501879687
12.166054169124095
19.90003898022367
14.265776879277382
14.017027086417897
18.684992095431383
20.590705038250462
24.307446940954264
21.417370565101763
0.9116366752467826
41.644613460433945
8.118854067661104
27.03520157966571
9.74651918993834
14.033475687499092
2.3734315578773533
7.567818418797799
25.17317736282334
21.452914095572808
2.099021187624018
