59.13699092535526
36.43423980030076
61.46672283141747
49.69948774751121
19.917082141069017
39.70083941593694
29.535797654153512
15.650707382522
29.01238589793701
57.89463788901422
25.829883330094077
22.13161128850838
11.730834072664749
8.403465911773367
21.88090455806929
73.66607087575402
6.993718267985571
14.233215349948068
1.6752681544655843
5.0605319922204615
29.811777588486507
41.953309759330565
38.89156519703951
40.314570428541245
4.830162233285506
10.128384453177944
14.997626507847372
4.990394664369049
9.492234189764531
21.385148539237747
