22.490097409915393
22.369967803151695
7.234700599617355
47.19320042010243
20.5103060069536
32.13163295699252
18.75904666351242
6.8390119956934825
2.808452808723473
3.591797344020179
16.68638328915202
32.052131756417594
23.27073697366083
46.56804524980605
17.735927134522314
16.659925825208347
20.87625905455961
7.1442326484916805
13.721210979820214
8.303802072629978
21.129817623297697
23.472648194612958
15.357948807461213
0.26761115336208263
52.582200397673645
16.638313674552833
7.694102701730031
0.0
