18.19957926548335
31.671789211239968
5.095675913231986
10.802982983639964
51.5637493236689
195.3809349782113
38.80938364423065
43.833847658846
25.203931437832694
55.542988393791504
9.370902746381603
20.751095945467938
14.978426337297591
15.339839703227682
30.496606739856716
14.495564351364308
26.486171835039798
8.144269193253336
24.978642320257237
44.17504065679691
4.5973006359711235
14.05812116736061
35.74574334282667
15.40750839590757
68.0965046767038
46.64143077145353
3.839455380104681
53.898308362297485
