40.47346248260348
227.57657585630778
8.820166482281635
3.0244646735418144
16.39687384117977
25.552177090241273
22.211160028676602
25.344621824238416
41.53288258098512
22.196721826572755
8.183973433634435
8.99580461263271
13.02241666335226
28.052940089740318
1.9747587867393577
28.130901994095495
16.904910282092175
17.26493735324459
11.90406559329513
16.70171891710811
23.510583164176424
14.834049339661433
7.800632830401042
12.79599631797845
14.162685236548128
35.59060171792926
62.81965471080109
29.05915068160435
11.099662742928643
5.431679817959662
18.923573179909155
6.741460791179975
17.189119495256662
17.42514113658575
8.100387757083922
20.929576337594995
2.0026301843836762
