6.585001007683331
14.823425020136597
73.51474380365394
31.035948421466685
0.22743855220106468
50.588598773790935
30.38970897454135
40.85909077411458
22.58739232929237
54.10577779779703
42.7512833347366
9.672394984441738
42.96318616964841
27.24383101796832
0.0
14.85338392564995
53.157253486286805
29.857720950707673
20.90230476823632
24.562505905772994
16.01521051083006
37.654371362648064
8.262680188367213
23.309015614028638
4.1459459772168685
50.05244132748514
24.001176084754505
11.739922559163844
17.390554406873235
