4.6455553154191165
19.609293857200782
68.26909438337893
5.5550409762732045
34.67567240150278
15.537456516634876
8.24595988220537
20.84181000698706
23.1759502088442
7.685319486486193
19.320813685932194
17.805509815276125
18.495095474370643
18.793480136030183
28.197693419048036
27.180518566159407
2.960855881958935
7.114777672325559
73.87050151835689
45.262449594593605
33.87927020890575
26.432733566836987
35.42482763672896
3.6677059928204443
11.865798369605784
14.390829015908807
25.401981003102918
2.9460990700445535
