6.485910211852172
46.658080454590305
27.240928231065027
22.3184861646302
14.138115472152222
21.23247499461921
13.565247519193505
11.081571493714335
17.114217185662895
5.763889351028425
50.62513749979789
15.269977936991339
16.55692795541043
10.477330321063334
47.35245129795055
13.798837637962862
61.32028208776953
6.878628144970008
19.753078433250835
4.061201245913679
7.86358962260698
33.434535409998404
16.373964734393837
16.688040909213242
63.96992698080324
33.26975286539452
9.095834249039456
9.25701085134358
8.342322065087686
3.721358152939189
36.56678280699484
17.59382002724631
6.148854745199458
24.94090733540189
