70.88144446155036
6.0172504063639565
7.050490940888238
12.797724746851799
42.28733324558128
10.521436117266802
62.36394269314704
26.227461023951093
5.46222830241345
42.64155187059656
14.085374631966118
37.56301074750232
32.82219578736412
9.562077492147836
7.230277100472492
10.298036207219951
21.075459947399892
24.130587946002564
20.637387275643036
30.852817166945712
25.040086521030076
43.82740830937465
16.46130460975526
8.978734764530486
25.738159069188868
17.34768288393461
0.038117192567042935
11.960976188874241
8.460599650990503
35.91774113510111
16.80118408064459
31.665733828540297
