29.45162545941156
33.805305257614975
42.55991667168402
37.80833916646468
4.420474566025121
33.52594585537378
14.069422421413165
22.08558035237874
31.64824632321026
13.389864903283339
3.0446133560191555
4.737059984140359
4.035311300330136
7.945198486660033
13.240641502164038
1.8719313740143377
33.49045884628518
7.0198999990199695
14.240453758141342
26.59740212497178
10.174689217989311
8.638686800897162
28.501524778147058
18.821070624281873
12.531514654784317
4.268479314935334
11.635342972867946
10.407293804708488
