83.6812505483771
34.35156334249956
67.84759587060903
12.643837307836463
13.988554539839697
76.31223290701911
6.011616446220174
12.320493127527584
55.788041681112816
13.264759446926035
46.718730052392644
23.641543468942047
14.5463980827098
25.375856971106458
32.32328773699648
30.033148840665177
3.23309488723001
16.866791779881353
9.405095886901748
26.225399297567435
15.457152282582285
9.12890046052668
9.349346480243952
41.29101004828637
40.8742867740561
14.9973276393401
9.04039935865714
19.55030704404146
24.822048163429344
