13.131527174848685
11.035445423100185
26.209501355173217
38.33284243583638
53.249579884109025
21.379031088481995
50.51325409718619
44.575108999929384
5.988137804003458
8.748841644952236
12.829080879817425
3.8741403094066555
15.879870984249308
29.744682431854244
42.41562647427095
55.833638584401015
8.535211415088128
15.776379933818589
6.088102258332015
35.13706240157846
0.6905436474313262
30.195267526661524
23.15124270686333
21.34957578662393
4.825639388997388
5.752967875824851
14.737885932807018
32.739465754387126
17.07160008246659
21.35559453501608
16.42348257489445
18.992879764919678
0.0
