11.21287238497436
9.023168546512949
48.389590697862815
58.335388615094175
18.99426280607841
63.3237226054373
53.2996182157177
33.41405399764861
17.83407693257314
3.376021133812273
7.140438903599161
15.907487137618176
6.282747692014141
9.05164120224319
28.18744189181477
14.739761680424834
70.38341704355612
14.256376840364766
15.310818918766444
32.71348002366885
16.009113498871443
25.47754337023521
7.252117994624513
29.130354588073118
6.083464205486834
2.938884844315851
12.59991759487552
28.87389348736795
25.925668220473057
27.718021778484612
18.6046081981965
20.673930663134982
8.650062493361744
