58.135036789318505
50.63766574695188
5.23512210221665
37.65547289788921
19.47324167841903
55.09586979385024
56.88775738140815
53.12012351752453
27.968906159229448
19.492732566939083
4.447802828269573
10.921270383068048
16.598789969429063
13.558025184057428
36.83262923557419
55.528754492243266
27.548951814772153
72.52674749054975
11.665716233703122
9.643075110634186
10.244288385564687
50.59640405354874
4.048555042117272
33.26306844729662
17.9473744680476
19.367283370591736
18.903590404026758
12.39268501928008
0.0
