60.29696959952285
28.976891644018735
19.121905741176676
49.859995536388126
39.80551845039102
45.139776285671246
12.51528054637592
29.559991357553415
7.784286579749164
16.998786534619825
9.21274613393274
16.22827015980306
30.953808331391585
71.06262748898521
2.578318391388194
13.291808662452013
17.804702551254138
15.640537908755974
6.30586460894763
7.209885089713666
15.49620036611455
34.355725313870124
69.9338483464941
0.8116873115945111
0.0
51.123091968201905
5.180873053007076
18.133769229077075
