69.5549525031343
1.6777339378484442
12.92004306494482
347.524428696065
37.026587070149475
38.342208775112624
18.049080040760145
2.6875598537514804
16.175341312166253
2.939186860226158
11.326196341554834
45.984053529832636
7.174529937362152
13.166191104943962
15.243636831481453
1.9029569107469086
44.73680455741449
27.662065389042496
10.939881406234136
22.76992215167118
39.27618398072059
14.44804922912573
39.01182600011113
11.633906563211895
11.088331705213491
11.640763995299281
13.278342596883661
5.1906765488943165
0.0
