64.98181555222821
44.30179910812157
39.601795487704464
28.565154424268343
51.774724839385385
302.42702580134676
39.7640822349226
22.54795031695069
11.53218357658345
11.970205355312643
20.859789753250567
31.640127888637835
34.33959927548372
21.16628512656885
11.255454836533673
19.053567009456216
38.9924052502781
6.664654592940579
55.91388835336309
19.968242109195074
18.203323592039666
12.403472765839638
8.364731695376719
3.31316391431335
15.570778883465437
5.785974354013021
3.6795688485957783
8.44093534670209
13.965614249852806
