14.811970589530347
3.5204795801048334
11.410541959896477
44.149689953068005
0.5023253489883643
4.4092130597301775
23.25703285896043
29.872707949603324
26.936700713238068
17.16350679332342
10.503931468467968
10.417317442096675
31.67450823192644
39.54043377356038
32.26965974231254
12.787222388261554
3.564293669313429
37.80116965303955
4.308068195457409
36.94581820033726
11.712222125583295
15.291670827750607
5.6057848992940364
10.098789864453195
28.613232971866594
10.41513525694009
37.68216162724522
12.952254226023143
