49.50418131303957
48.51684451680484
7.557980137038697
33.92232070584102
33.30931108998034
30.369381635999588
26.770127900068587
18.670712729667756
21.822472921662666
55.660844068269625
18.044542683755537
4.4785176889630804
32.21724973790023
14.617272261838096
61.2713732648171
15.666074326488882
19.427428088049197
2.400510316344352
25.47380433855821
3.0989279894146335
27.704846717489048
23.035695311021243
3.086183079818909
13.754571545207781
2.8780351602424616
3.3303397168103714
11.71389007998728
8.968372773546022
