23.422037665520122
21.516261144947833
12.01411706727518
3.6329939513562692
35.324835610913624
48.684155935047954
13.071967844688189
3.830000000075259
27.330002962057605
5.242081827666212
21.038931430791905
10.734927678822359
25.641139954806164
20.036043561337635
40.87079876344596
4.176985407752198
17.01251647669045
41.60242106380571
14.266928696443358
35.544076994829354
28.91344743274186
22.460391940153386
4.614807977557234
24.28932552996885
65.18835184173362
28.70121144901151
9.456379220731165
42.68371709465113
2.0913680077242844
13.942985384538318
11.004953120455696
