12.250030030608485
52.460782416254034
15.576728835203113
42.86233633400869
20.329005889757482
29.059542433008417
9.455842425215366
0.9428012317087564
25.08446686575148
6.9525787814722975
11.073532529651871
3.5188654427886945
7.583876983785643
16.334908146519425
31.94527776784348
44.813174802149106
40.7597652671334
48.527339854915425
21.452226823210708
51.17393779646305
49.9585871728643
13.517826092464475
5.42228281798738
13.549793484185656
18.305315096744465
26.51703912196733
11.254253840999837
28.025861205069262
