85.88269829838256
4.532317281222504
7.773126150195424
8.183841935072664
25.176243405985772
434.2688750738395
0.051821488012137706
24.527651692469092
22.890851123434956
15.102454199833488
7.328346975868357
14.661962942978903
15.076271915292423
17.962825788359552
22.841564569587945
8.567738965441492
18.936720444950225
21.38236707272165
5.156324808372688
12.906755339879837
11.736972051186598
1.5890718995654396
2.9845748488416035
8.758009288739188
37.52903785879691
6.253692494575461
22.63935358332529
10.121121857725385
26.392001359452536
6.609524866451977
11.441642807736343
