24.043137439784374
19.360899670493836
8.535845934719987
23.796638397632748
16.571084559328398
17.388105839409178
9.408581766240246
20.187803055111544
34.895596161774506
25.50394494666689
3.9091438487519525
25.490522789409283
13.131014280797586
3.2121297224248764
8.783391313937159
37.06642947885145
55.91915045012141
13.556266887253486
12.817008580238848
18.883706566372325
12.453513915514222
18.36332660923638
20.60068484341126
5.106365969489715
3.0394132031196506
7.457342729810534
15.892867382773048
