17.357450754538746
70.44218646443241
49.633605424469835
37.70044964888106
29.689819235095882
37.77159872925074
19.70846585438244
26.352429878565403
38.51487434068275
39.525912465660795
32.954850566755965
25.876386776563777
21.248173853164232
4.111169602150483
2.311806639681805
26.587923886512286
25.33294090226991
2.790409866581001
4.2406826918387
31.665278987741246
3.9296127719419474
10.547178870230141
6.659336004493866
10.36692214982277
5.435792789331629
8.265503863020697
19.628908806479643
13.696877048635201
19.14885904186906
5.931806015423774
