29.916957776147854
36.82380899279764
12.902574357620153
29.58598990738537
14.19703901066184
24.565816377515247
10.340291910435084
13.388240926811676
12.090610044596701
27.25706168125741
58.77280863485963
15.628785820943335
23.598815276762593
34.85241595565344
11.701060901628765
10.542993138381448
8.505545606527988
2.2166936390654826
37.669215917648614
51.28240377879179
4.621752645957116
20.588422204997215
8.992061767975699
7.581442840625584
32.93460087133795
14.27786168285914
23.429120205864947
9.923205954315108
14.577333575110003
