7.8816045859873896
34.59169143783289
59.77339997926734
48.75985319213402
35.29251444602741
19.872078009163147
23.117246698652878
51.812481660611155
2.9228064712198147
8.62050197816859
7.941913248464559
23.401446724866133
16.38823848449249
16.738243269498696
11.090353682700496
19.89201546386512
11.71782366543826
12.676210572262605
18.58247638928613
21.918322731070106
22.9302991098794
14.56038393998
0.876657109860659
42.702631564281134
6.350440217823035
28.79859975344698
9.68761686134961
7.335723407819501
2.3239753523022273
8.013418506444879
22.40343873603095
22.34884896958532
2.0990211876239897
