54.629881744037974
42.93735201471375
58.44462567272744
9.76192739165802
46.63015357988435
7.457656363167928
13.680390584940767
25.526680518393974
22.238282041623023
23.387269476115392
15.023584193938262
30.33097809622572
20.574891185735638
48.12822133601948
35.58665314096898
17.39862506053109
13.555731188125236
12.116568432753013
7.086649869434652
1.8095532289225815
3.8169150145954944
7.168350750847665
19.38195138514253
10.939816154735993
10.842593034821263
1.882711241838237
2.031436013376563
8.956343359502299
