31.837158499537978
67.21532081020467
7.056278358221135
34.96377978512729
1.8532077221401977
5.796278462906841
17.26409542815594
26.49423405646587
25.92613105104479
32.542983650263025
51.6721503045614
9.861917507916928
35.02874255796837
25.88461763033453
9.469705933222698
25.421709659908814
12.573720436809992
16.164388420814788
18.342386579592755
33.48527903627338
2.442161790206825
27.225969906600042
9.55686968786172
34.48883941310693
3.0995046252941307
11.40052452666481
17.96236991982579
24.306360793046395
13.999731038658936
23.07689411771193
33.43437218087452
0.29788010118186037
