63.623358896986005
49.43942640981267
28.21672035685617
38.35730435511212
7.774971501734441
15.335476257701117
9.874137185038222
13.86187039385814
36.4446676208057
48.622636464616136
4.519303105475885
20.714899286168134
16.274410408675493
16.779931880290405
26.025455543544695
22.164186469719382
22.95224737839294
17.43420896072466
14.900217894285305
24.926866154359914
6.353966305996963
18.066386811916004
19.493215579814915
16.068566169787744
16.329390436597194
18.430765082945527
9.25546510646555
7.462212725056176
3.4842508841866078
