66.41290506742045
32.05317506958801
2.3781527065574295
27.859558539053154
62.51252448426601
84.38689127097426
20.65140490248308
22.829154117568677
33.87213533960873
0.7703350443193671
28.82611231145441
7.169432675280035
17.14909998542005
3.9059525899758114
16.36048471164065
17.10353741996711
8.332826082815984
33.70190050377275
31.511993232796172
10.058862455651635
12.223067392895786
80.18304843372634
35.45852366663277
14.330939424734538
24.613265187367475
17.26868771980618
12.258687649285108
5.5155605877565534
32.6270761681935
35.04674915903608
10.384179779335568
5.300565872726736
4.911956835697609
8.509657099594534
4.465093374349905
