65.80532926019039
28.376427155937648
4.517771908586099
185.27319418294948
6.126950928314997
11.702749279818178
5.879550298133324
26.9662835057197
18.568687162151207
36.84249930428413
14.374337664165054
1.5156561156255748
2.082140991052583
9.089777167239589
36.869968658773175
65.75136884208857
28.703964446007774
22.815588514963224
48.266181660625406
1.281664838800296
20.833800544980207
22.777116281384778
11.444514128018199
14.871357726360813
5.050813718549776
21.315778824813364
3.424965490328219
14.909205542273895
0.0
