10.854561096001476
48.938172212906295
10.170214181537204
19.294929695299743
38.23372267898675
33.440211995388054
14.512737591045223
30.886365399283093
7.214504872396191
16.065725598510923
17.768038656157316
48.032877064704294
9.10753756870254
26.000000146253356
26.600839286070766
24.135076486959534
0.0
15.646574803565684
57.02698882577879
42.1133806392245
4.095928065164344
7.585576894276798
11.723215387971152
8.348211585923451
37.98022951790007
9.817885302936531
20.28107669496444
9.705763408650952
