50.556700933859176
6.949539084552214
22.55242003948537
13.58198827501053
5.262098624828411
25.96865847628561
39.53957997464586
14.125159443758363
36.012272283292816
50.994954725002344
59.91696853746359
14.472460901772592
10.938758904255096
78.96139432544885
2.291147574759151
15.718833323193195
21.078443170812918
29.744745063770992
15.99903059532788
1.218509406800763
0.9291837662563864
7.699064217405194
1.61283453488916
1.4827805568865813
30.3872596784512
13.34632947779231
49.42453968664397
39.86559845428515
7.0291310796714015
24.530588877441488
16.636570788308504
