45.54216449835769
46.19567632459213
17.95698186543298
19.107247167070042
30.907893953923534
29.56005564990943
20.217882498085558
1.4769107485096242
13.104326837519935
16.56110875843767
58.00023504577706
47.951908567788124
337.78932434037404
18.477593261929968
6.2225518198548855
11.731346635131445
39.21022717935948
27.27951283608938
15.772629560762212
4.786130818017014
7.393428017579325
13.333492329968848
3.6474853454179623
5.605648851710882
4.426866081010601
2.3993308128561353
45.31495611597876
13.32554871604296
42.104146895546194
7.029801536590597
10.61677899613396
34.19620544844399
11.094473052528684
3.3248970993873286
16.712337348021492
30.145755069913818
