59.20636046664477
10.771207001585537
9.529656219772875
37.176844392870194
52.6519187198096
2.346903584647521
4.181974849723844
12.514781770826033
1.895824590934609
2.691810525814276
12.252476699340917
10.09833767152685
4.348007544995326
43.74809798543154
15.26021318444262
18.602667937162835
44.27845373833513
5.081282410809536
4.648622665136585
5.086445586958405
7.4926020568590275
14.528828152148535
67.14780962191472
5.215203948713224
23.566992436394102
10.994604095356934
6.72801708682897
21.834621964124807
