6.952014939555198
45.35218577909373
27.023740757528145
19.75954377648634
13.208570996974927
19.883737984829864
12.740052006533091
7.9391909854546725
11.822206345141907
3.742119993362664
43.53196147570179
14.797650735391159
16.206365848951236
10.906026437183442
47.32975622877129
12.888529466615182
45.99076286219534
7.393119976147318
18.813599879008734
3.9891590125880043
2.0936143477121476
35.476549214530664
16.499522600682496
16.908320047312174
63.189778698984725
28.750873954245975
8.808615831993606
9.37322886733456
2.6233375319424823
3.721358152939146
35.80076746172875
16.064248866083375
6.571985030942258
24.186991683802134
