89.09891016176019
4.664441066014376
4.9424188987580635
58.95915580023771
52.4300557955946
8.743476511745627
6.821746864010365
7.725371569200419
16.901641889546653
3.5319918873813663
18.229579271637647
14.041494754479388
18.858595985439422
20.987886136143544
28.17473831444211
21.65390287784956
15.175540871488522
25.555814339408755
11.095014607354003
23.73561482078742
6.628224663740397
17.311523701619095
31.960535584554577
9.384106183512387
21.4573877343191
6.76355976502893
6.640758953224491
3.9345445223471245
