25.023596466445298
79.74642669028526
36.44887203698073
23.387638434588496
18.772121786570153
30.120206024794783
17.82724104788258
4.330087602519853
27.216570781311745
3.995506093837278
5.625436267239877
3.771044557210203
4.730565015354827
27.313040677938858
3.8638692159163526
31.98941921994725
34.11057638165997
22.166559130501525
23.167951567947853
7.818457699666908
17.15348626465314
61.09616823787259
36.17943461403429
26.275245532923705
17.56113147177274
8.949326876973672
9.419832963851619
20.10180651113228
