82.87121322675847
5.072308288978803
3.992710452180688
17.840543287712833
41.202885701276244
34.655436500146095
11.463624961998107
322.2158894874832
14.617020848415365
7.050418828902309
11.648761880127026
14.704266297445656
28.719895760585146
57.79950421354238
28.631283615396498
3.4773256165299813
55.51833651067
43.61092925147203
36.51610578127293
68.90744563412701
20.810181054519518
29.501951483140445
2.3371758406251644
301.63974003946663
18.573510645797754
18.042243386176395
11.74331167966433
11.101180327488393
4.798557312332619
4.922915486408002
4.4942368192619
10.126067593449676
4.361815725049354
16.067025972493212
