61.44062814467978
38.16146964091757
69.34107105382664
47.321206513686164
17.9859980352052
38.201093249897696
36.99459197874995
17.28010127167397
27.552593756702336
56.81271851258656
28.16568009871075
21.207795943056965
12.773730470410783
7.981274424141333
29.02623196876425
64.85155556071757
7.27448925519127
16.655754801772275
1.5772325646915135
4.7529069761180835
26.908095081560177
43.2814741845945
40.731117978483795
41.59696076525583
4.830162233285563
12.439584864089028
14.37065347136631
6.61623525402598
10.41217222381681
25.719093550586265
