68.92665312147383
18.161203681921336
37.713356419347704
197.74028500366813
6.250939833616542
9.822765047135036
7.2248196441166925
8.980427371719188
3.4512390089229825
18.317979863360407
74.60977775077322
15.018972830469608
46.399234812391924
38.13378773449148
15.960151749009356
6.953411696648189
69.79363151348652
3.846484505140424
11.044829441742834
29.378598051662152
11.680401999535547
14.539095925934234
14.528975919652439
4.083434764845535
6.422429431913855
6.128688294733237
14.037130931989267
2.9321805936607888
15.818324986205084
3.0321118975730457
9.140437004196727
