62.906596774111875
46.37867370863384
36.95563288429841
6.414563382070611
27.15921471172615
42.77635380759267
57.64323136254775
52.017242255698164
3.2950798710833737
14.398956448079787
9.02865571140697
12.545853078576869
17.243424396347606
15.318105862403272
3.497937546398518
11.019657610272247
39.14483383870852
40.67851573449664
12.146107401457513
20.94210720540798
11.709821861603714
25.80185560422356
53.38897171963255
33.90112403678802
7.040054383812446
36.09217133347343
14.62335058653386
31.436570604402164
