16.78777365900362
30.91254014142922
27.60019048726096
33.50779115067553
14.69955697690304
40.67041234092072
13.634701163151007
22.99519471850971
6.779265214626065
7.164141170343868
10.243896607274024
22.533856735320356
67.14459184724541
20.12177791943938
30.93217705063651
27.930536639478163
30.988527723859136
20.594694979921982
39.61349386377252
47.57041175397532
13.425407216409411
16.470249793968406
13.538385672419963
22.31202328798082
21.275618172791013
16.090975659505418
1.889949949071621
44.95766761585314
5.3315406474984
