22.67352464397797
12.71233327028503
46.626454036425315
16.06943086565036
12.358996626039996
11.099167812112725
53.733530000057456
218.04981503912995
17.50761218965195
59.78980951747441
5.903439046065614
23.906864405701242
2.1609034081863427
31.13404753857354
10.064905524400615
4.377508716698628
48.2244679364926
9.88527462804393
28.037194761266676
37.38201534307913
8.153643449379175
57.12238108346574
13.269563360304346
4.191281027739862
34.26591745055231
7.967250044720686
26.346552679648767
28.092322756400407
1.6474785002213395
17.326579948120028
