44.27497383519889
24.812151371452387
12.703823766010117
16.202444315480392
9.434982536683037
11.020764275645377
7.978986878093366
7.51900779571325
10.036736653248894
7.913815996607923
17.176448737519664
24.192246176856415
5.79451161330708
37.60140900999902
18.53380187103221
40.40522789501473
47.97793049734071
7.70817207032627
17.074171056839674
6.738788469992116
0.10775765266660642
2.0084253855083603
2.7544878189387134
4.324005633277054
9.585112866048263
15.634270587807833
36.69235933583511
6.108949306598419
41.70949840227111
37.080795077229865
23.220133854831545
11.090569414016912
13.956405721890036
