62.740066511891925
39.53472475142823
23.428098261477828
26.158822076620737
61.828691896807115
84.45153636472743
18.75249724480929
7.773232466142758
6.397776088377867
27.520542469425777
31.27637443193842
21.1993924307545
22.17494548941545
25.648614205530492
22.46101069072509
10.160803079997379
12.704991962180614
5.918132697149375
7.818316479648487
25.017748424710803
30.408513081413062
11.94851541907967
61.405694575999306
13.152083708000873
8.053630127208919
7.7435519686474095
17.52608854817703
29.435829081540405
16.492352575000652
42.880194402817025
39.21841170981122
7.641486250459508
