49.96171020950776
10.478989110289092
19.60005599519225
388.55778425387626
5.718707647319846
36.2475970803266
25.655690863750536
14.387313727431106
42.55098418798184
22.95158281195569
26.321051255869108
61.515684802913796
25.74680878046533
19.3729461521946
80.51283205974052
17.224082445881862
11.801965663069524
4.845063652065889
27.568005930663062
29.67650019151587
7.891316467673732
27.619862889486
37.479852977435215
22.591853418505636
47.017280882886226
25.474088785309064
33.69698080737953
20.6811548006813
4.279865164145349
49.78701710127186
22.15913290548096
26.196911586105387
14.203309276869746
14.00067011609525
23.703289811564147
17.445546758445715
17.291514207376792
13.390647942757951
7.095525391065252
5.9184399887012376
42.98556668148379
7.092586157628489
54.325424955278365
14.46453091742353
7.806256796173301
52.66723679697168
34.905861792132
19.171802420997466
30.486344833497384
31.131334146615615
