21.20268888980779
11.12386317867194
15.479894627242246
12.849156215872341
30.644978033154644
12.204557647528688
12.753513456297611
41.19534107909854
12.60976116073202
29.53983080485621
13.080398689435413
30.30505818724562
5.02404046989011
10.087573958063189
40.88712481144957
7.978693474354358
14.310918983498368
10.545142686264995
23.203649904857343
27.876573716648224
38.61204499342375
36.52405125736939
4.873727922803823
4.230949711254638
43.37302416746522
4.51844821540945
46.791006157376415
24.000311014816305
16.972173517905688
16.450748187865827
26.54346855188527
12.3142588270929
26.482835931384898
12.33440663297067
27.51009250774912
14.243426979068232
11.242427234874754
34.57960208546935
7.914814790790018
58.99029336411665
11.532193095418094
22.327889387135087
14.236683548028793
12.517352457466018
18.854060286651148
535.2918854820969
36.18861495608786
34.91257349075144
667.3167016222866
