8.984660892451231
30.92717923289446
9.094824773602738
415.17302488581674
15.10308152342779
10.127275091847423
36.577738899230354
20.94371761316083
10.304626834328062
8.17663835452133
13.230599820065294
47.631554995332934
4.150411560371097
20.352917717649774
18.440854412440842
31.1424564093804
32.05078481135361
16.622149367019972
27.092908145367204
7.203330701663916
5.550609992276989
0.5359943663208924
65.80438007633862
28.184044666433664
23.559456085248286
22.631517060249962
43.617775384168084
14.721817789410537
13.952973759309216
10.776065323269222
41.65743674518714
49.36344406266517
5.578019274023646
9.288439717697202
8.77323392178728
39.16753488308005
40.43075844347442
5.866513054224953
0.1973620260298503
