19.40478264909025
22.10528259500876
9.528029800443221
25.097942878986927
12.05921880205318
19.256256431732567
18.78442851225671
28.042350057114646
23.846957094892815
15.069925095544562
4.452734894091364
36.39506732704871
73.54312378540537
72.49325063569182
31.45943360185325
60.297159789394485
40.635495891583986
13.336986900483438
31.8832395134271
13.213723081275816
9.392331471574792
58.7966755669196
38.63505133613744
3.889578334866698
19.78139061323958
12.257152092662523
15.034602871747381
27.226689987785534
74.82483107911096
11.243116314840307
27.962311843413943
19.07932538057605
31.77033600672746
17.383019023859504
59.7165351446686
30.261112001314572
37.06547990074773
47.645186205750406
16.148559992946517
143.76300383778926
21.391322246712832
28.140035416658435
13.85216188637797
18.39815499271876
51.530717332733886
4.342029316393109
