156.06146025463107
349.4515064938645
7.995050525536001
22.216480835431412
24.417279075653042
32.77761698757307
8.120244780761894
23.49958178532559
14.805546979179098
6.487944047578566
28.30606172389696
7.888263136903021
37.543117085962336
24.337496571279615
13.419134495461535
44.31960756173247
25.69501345111607
35.45606839470693
5.605732182611732
36.21650988209255
12.267529370644937
20.65628974781609
397.2363667243096
16.07567350358522
14.233321320337467
26.59644124163117
14.853861207485707
5.576779359002998
9.643734842229676
8.68244180310397
34.9240738966715
20.91655900201272
30.183728614619454
25.316372542611035
10.910544175291264
440.5361079443817
23.041516203663406
42.49590630963219
18.076511875348444
33.11152175375378
32.716755395429345
10.85252359665131
