14.202000970537384
32.60546118653417
12.894825719420197
37.5641509106846
10.536995026021245
45.49470830291543
12.856180300375271
253.4656092547816
5.1168311673302895
14.183849808055868
12.810201990062524
26.05707115901086
44.73811802709085
13.72643780740664
19.39773780833802
7.0042330631380025
24.779538079946164
12.919021658387877
24.639759604267596
7.081575325409972
7.954157349577457
6.36396722633512
300.97376475233
16.29930503572797
28.02638326831277
398.30756047860825
8.699400758313757
35.54828916247561
29.219278486825715
38.53036895422662
19.945307456684304
11.951600892622281
38.018897275828735
11.400703356708902
19.01561579244175
17.221638413806275
28.712143025469828
42.257783572505076
41.555860916806935
33.4136323762483
