31.222209328293218
3.626158079803176
440.9759178275747
27.125071870578793
59.37025210476622
11.563761975875195
11.736645118298853
21.48730015412528
15.373829843075967
19.42806060977054
61.670526327503666
28.450557092381032
54.548615942416234
1.7276863395638173
41.24711564749066
13.269018025954963
12.535238480543285
34.47338671416493
10.491320531963908
7.640994658620741
44.81077309371537
12.55420881465156
36.84101280530983
30.93114956146613
34.74512813170905
10.86289699745764
22.477711372484748
7.91703476344702
32.55923572110717
16.765120102909563
3.0480954140720797
51.2263218982598
422.9621219311699
4.920421181583578
7.424396805821942
2.203336101880737
7.722445787269777
27.5950294480392
15.439370096961596
23.562985798392802
53.88530332106947
17.245581375934748
26.209078341634225
