57.90993442626946
19.845671928689953
9.369765319040013
21.909468997434686
25.946677238244433
14.010073479485328
22.80017728268851
74.19512260634319
12.136241884292374
22.68500729732027
57.70277613721376
13.297360760346834
34.507631126023966
3.2135244270258596
38.003309657000045
34.604497300261954
13.988442653411937
36.47479617748125
83.8382192188972
37.979177373748996
10.999500879676702
19.469663116410345
32.88850618364209
42.956490538283106
5.531705521782428
28.368907685422272
31.792001926543776
22.14913553246967
44.28343148234178
6.618701107181593
17.86357917657523
41.715714918664176
39.352938398690625
33.338957358536646
20.584846333342185
16.856325170799778
8.226929168533374
41.404786567750705
24.33562140394578
39.484312230223665
10.12571205966367
34.294970389189274
15.359505942547798
2.285723222661204
10.28720590185766
31.163889532520244
11.408412897919902
53.16677189016832
13.234057397135956
5.652006654396473
24.115806670370205
76.47527910620737
7.82966113699635
29.836886961218312
15.21683492141166
4.926215535234917
19.243710928136863
37.87129549861194
