32.60352572209487
18.03983860865462
6.435798597661588
19.899718482345918
13.365467802044876
2.2429251211321457
49.447200378859094
19.37913473250501
45.071822331500144
13.592765275773132
46.95629818483984
6.28646640974938
41.090891618820706
12.288568794363115
28.55181675713807
48.22180887442525
2.512073554953716
28.290005884302758
14.037810767767269
36.10057381351561
58.31316618346031
22.999880795501923
14.364437297335883
7.047105224929709
24.24995733526015
68.82091476416186
50.05815944539711
43.97915856733496
56.41092866284086
14.255105824303001
6.837147196397467
5.820390207831281
29.520179488853486
5.971509037151591
13.901686322102648
12.944252756165369
7.857053562842864
35.29380524836952
16.60420443433334
12.340354325925162
8.5884267652593
2.6364323358560995
