13.158237744639749
51.41430415704174
60.129952414012564
44.43527425841606
18.802276539707904
39.83818617887522
62.356134923046085
24.0255868019685
14.283510250399331
17.447993464946848
36.049216198446715
53.3363802171194
25.688534036497416
8.417715658947856
30.127763917284952
63.321221821242304
38.307599771844494
34.09106938152071
41.14045989081828
14.999986123124259
45.08791354861464
6.476019871345002
72.12658423771921
29.525748409343862
31.257490574690195
3.144332856482066
36.64043679967304
44.453518828200586
18.53664014119238
14.909582794264892
57.575026449850455
12.270520639135242
12.360843824119442
61.19356577240481
23.802115885983568
16.28820627244218
19.85672696579799
26.965326000307442
13.090204961255296
54.619529231330745
88.2398516625382
80.1146650988674
11.995505098949153
2.6610323606261375
26.422344121827365
15.350785714214254
61.803218874208426
44.61222297687195
28.67651679370313
35.6770333454123
19.468960859287037
2.389308971249264
40.061089313254215
6.003245657088712
38.70359255134359
12.20571344067325
57.04275212419331
23.815902616706694
52.33822640627855
477.47324547345625
8.138820442358579
67.39027095094832
9.821019373785177
19.416693280723138
