27.47555700933887
60.102786251374084
46.61041407335705
18.730029503943342
19.44312151460383
18.78347687335537
12.119833491895633
63.04446034590025
33.276753062989286
14.636157611777008
11.493420571840517
35.841276864913056
22.127444278274538
4.709536171040924
8.716658030360776
64.35521434759502
32.2521324250729
12.876126732307554
61.20045833224778
66.29459983550366
14.722711728620666
43.20949007809993
17.222461426521008
14.085800328363376
24.54219510347329
5.610897728395102
69.61842992021508
22.590216098354034
12.406064634730058
4.658810962132435
34.07833515412963
16.78866971714379
26.745028251411526
440.2394743314793
50.51819657873811
11.620064919711467
33.89118745520368
54.493508579161954
63.57765230630483
9.10616387951741
67.45682884694912
15.239576430424307
22.60662881864286
8.158942573778859
29.609722178839576
11.815109634867468
28.953703524047256
39.27163048441756
20.589594280006196
16.583411167529817
44.85579834518492
31.251268717285924
15.618317727519937
40.60899986571026
5.478992219935364
40.08956989734189
21.00855447426136
27.857375978575064
18.971860260554422
9.271610623981601
62.84795204801975
41.40171304599225
17.45490142302316
42.73239256312306
33.30750385109957
12.803685195451195
