9.655320288387102
14.4283765305575
17.8093054283799
20.353558268667044
12.941600516580792
59.9356551238495
50.97523899537495
30.990700527963924
6.886430056157565
12.71085545103989
17.782414012681883
12.358728722158162
13.146660549603524
20.536716610222157
3.6274507034271437
22.06662204971188
8.028632216534561
25.308084514730268
23.95371490801726
54.486234127032986
48.39122753031958
33.25782524221225
21.901593181677853
19.887233693992357
27.65391291542342
10.86445756170896
8.96424100689643
11.835162402010823
10.888459126135416
11.854000669959788
24.517762593235744
9.526353200173844
20.704227406854827
27.020452803506316
10.073186898490235
23.69546410669254
16.71932309376733
36.28532461767554
10.235129349008275
12.041520297425478
19.313530934935798
7.881572118448403
21.2071203477727
21.565706485603044
22.382859896367563
8.306283257450389
5.941306877308293
65.621174162872
12.166205371780123
17.47331969162255
6.123669723893471
44.99238463483506
24.74492759632895
10.066294730897027
10.571296165495838
13.2903268841781
39.34151393821759
33.407952939864856
16.99757760775752
11.752546260732004
