7.2566864217835985
12.100589211832173
5.511858168450857
20.389827206893926
54.98398074399546
9.211824244153647
44.269293237006565
18.28697374354215
22.34337329339607
43.89552204825017
33.41345769790871
22.879654428505475
3.5343739955730484
45.14559562237545
3.57370241024897
58.75803116478242
20.69019778875777
17.58433904961373
24.4696920125579
34.893648958905956
14.361378958855994
7.429144783504029
43.24134718523129
79.43691758386248
27.406979913347655
3.9826166424847003
28.55933760526368
52.827247066409996
21.869736850931844
43.079334968071805
5.702336006282039
23.28418289334448
15.172223964013682
29.719937914989046
49.0745880093979
20.406580550867787
133.825134948965
23.13427352638307
34.03374076099435
17.431649758511142
17.134682028581082
35.71726228357329
34.17351780307004
1.3596493907473928
38.269276761564896
142.048568814641
1.7392787884961933
321.881825998225
34.81148795555768
41.249109235072
61.77651815992982
