5.7085832840992055
37.952453029497875
10.569352075540749
38.67679182683776
30.527014491911302
12.11809652973993
19.014794071154668
56.669498033073566
81.42878103483203
5.72976047324147
11.782352194889427
68.63880299634314
10.784676750963484
19.012401995705545
51.582019990853595
23.832488698051947
12.667850462173192
4.56901932898829
21.707075635354045
541.8145629420828
2.4223575910636725
31.295863767095
61.3053910582976
37.29271879666763
11.310579072343458
42.61050741701412
7.5186882447804635
574.9609760800403
567.7119682726769
2.262403144826564
44.52292140225717
7.05302079746518
33.801765566003695
15.670107978978024
14.804431195804796
30.856715091386548
49.014122639132054
11.041285994880312
38.684964021919
12.935149908413365
3.155821530969277
16.306903055151366
17.495617813372434
31.85690374966535
3.912464612041802
