25.305032058381926
18.045030711869515
5.811687215002337
47.56057155527655
39.78951759534546
26.893521310669456
31.85637370308477
18.35420101684244
18.789015880788284
11.161956574611196
3.5775326968648073
36.77660427385024
29.6745875374868
16.683344457560167
16.268678415529763
29.8518577099274
6.546216135850159
17.70124746195276
21.342353183089458
11.84629610439842
38.77472259683083
12.40108647101053
15.412643422939922
43.59084442369745
19.63827321718385
67.26574478761864
26.74805472379252
10.502519577572102
56.14759460880562
9.867104858353628
28.718580797151077
17.059360028648143
0.38679937471059134
