478.82975812267614
22.488969114103313
20.53901999380281
24.273310749003883
45.82559173209032
7.497803133302796
21.031890296588443
22.663137116081444
12.46152913614722
41.9915230654957
26.762634756411515
5.287637716053993
7.6993277180836515
20.940974351068604
0.0
9.484306539344573
14.41177808859652
17.808002845029122
5.491439254489364
63.51012592094213
35.17402061884984
8.058095947526255
10.753203133057895
21.608687325519284
92.68953721252325
5.402453947492759
75.76076101026536
32.727206336070154
13.108970168133439
20.60098374901044
35.398401175196454
19.488900788747344
13.416836939001726
442.38707413914824
21.171858323570618
67.75761075821696
34.07496165560194
26.689472874283155
47.064466245449466
44.30885370983826
2.929205544502395
9.670250996831811
36.26482385777892
15.505544351497491
44.50911702482723
361.3706965034597
12.650107724145684
48.99746211258996
34.23161044187498
440.6306032777979
39.38011634357312
23.101619401927465
30.538263504612914
54.50042827435543
65.33816008655876
27.915805109934354
10.095793882494988
50.930813588989196
11.181255240617716
11.268377111934967
