15.857592717864236
7.1987544998494855
24.40668249723828
11.25442800226682
17.238441397109966
46.52415314047087
16.18428897238661
439.63069546356144
18.060414138235842
54.248166445682884
60.00021925036714
48.301518645859574
6.3101358937709335
48.80060710032767
25.159989674338604
31.76408011200928
42.855225400722375
24.28966748992285
39.80841676637277
47.43407253856253
30.524217633077285
44.28749754041027
6.18059483339826
19.55847370580885
13.997538376269759
25.940076834564422
19.02731639528379
49.55510223359916
29.779436192703784
22.0861075468262
12.964344021435323
7.719881445834304
50.668848283995146
64.29829862127413
18.18747361403605
22.680008684614037
12.277391615494665
39.940929902394856
55.085891785665254
464.7805144216075
11.69337736472086
23.72857533502234
14.513430648423466
25.921732620938826
60.417873031487446
24.337735417617452
5.106402826634451
5.381319500685606
44.41603263101359
3.388367748103576
17.15897528334716
30.763102868263587
19.316273399443446
11.474893326574403
15.618967588060272
26.371963339053636
49.84912733283953
16.09268764637494
28.741916573732738
12.13437093226284
