27.026149887116134
43.40157630210881
18.068987938799367
19.329108292894773
18.15992245331202
18.671586052244024
27.576260340745932
13.210989230138125
12.075173174779337
20.140809489706456
32.83170414442198
38.41108391997288
417.0084664658067
7.192880914144524
6.868624598500418
41.26798869133728
14.981187616536786
41.68452475224842
40.47226102669818
12.074991306526002
17.617177555939378
16.170533777740133
15.59905387922501
28.406006068249823
23.539243523814477
68.19104901207707
13.469937239689784
4.619522561378773
52.41797617869911
40.66946806314043
6.916430428936863
41.46593242980029
3.9171779629531613
42.14063777338539
85.88165150323348
73.47372306559757
10.095483072388603
1.841321699130944
13.93171619209987
