10.9889099162898
44.32182605578048
42.96722204802063
41.16779865389614
52.68852366389933
81.59226964834264
16.047121566171484
17.654308972254
15.550722633794024
55.673394882658144
6.505683718580073
13.046251034532418
41.84369230399372
76.22940403561114
37.710162855003674
32.325248138841474
6.619933265497281
42.943771630842576
16.779997795198227
75.54931445502996
21.747517369140724
7.299535895291768
38.0561284480886
9.772290177463319
32.11506114078685
11.474503560613982
7.697399394907649
18.198367565525103
9.75477389454825
48.53041942089172
10.327261285561406
18.171233944783438
23.44649981413832
40.77369803977672
53.76164955380739
37.76746261402212
19.205429513459023
73.0927504636546
14.621920381556478
6.2100240223922185
43.98327845345669
75.79157546322281
