80.9794129029851
15.850423841497815
48.42761677621864
11.133880911006457
19.151688981455024
35.21232966530272
76.46201553827291
26.073073202848818
27.947289887813042
20.485560268758547
19.32276591146922
10.708672812447688
62.40821363703775
4.648674671788456
30.318652161436844
55.644088989992554
16.52064728591398
58.88129427269661
17.89364214500813
34.8542176541921
20.244040649894828
30.466090599797113
142.97927463669387
0.4568602673546138
19.43554806861836
11.218962501709598
22.45684154392106
17.541620903658895
12.362733141755427
14.28043462766857
37.65587731342359
39.804581648953516
17.319294030826825
73.90936586320277
29.365297053821976
4.201413469081004
4.090956452507257
32.393352103233255
13.372614298711682
24.448080815119965
29.272033111651425
15.512663347654737
2.6164199624259794
