20.345950271402174
11.611883815604031
17.69165788241017
16.053557283865757
23.956524666557343
1.9739823712113775
12.239399955041307
6.415356697518007
46.23665506553567
367.75530711284455
9.622103866072734
33.90630613018105
5.3450445694760305
17.732817807869196
9.22194391828856
87.15934021510792
8.493290488485798
10.055238184304088
45.50051268786544
21.88083440232289
0.9174439553034972
8.415014308594863
12.113892054848236
16.88260901279017
24.061777961907566
24.85786734256645
40.548766395117525
25.57321880766756
41.053187273006586
27.193888706412324
3.591305764928549
2.0675406103537313
12.236151225503619
32.63843806648761
41.30309113646523
45.498911196169104
19.87506568922673
14.710927621567038
11.018119363895224
11.716236703510333
19.377315294484603
7.901623773104006
27.024272236522464
19.699527553308627
25.76318049253264
