12.09009013119801
26.9509768080313
8.892025501076546
35.624162584617665
21.773894372907264
42.10009926691612
29.013441387721244
17.422085517272237
25.034196997887406
6.5361049918692515
48.837099452637005
13.032741741544712
7.624023626363936
65.53328873344707
52.29936952268086
9.823769740391668
25.437081154194203
34.04954187531588
26.1555524505751
35.30089807612559
6.512429747827767
10.138526819772636
78.44432246013969
7.249602671486926
29.05006197999728
55.530618468499426
49.6781868715469
11.729183612312795
31.534432673726187
8.757219713837273
80.4414058579218
41.637108620380076
65.01436687233998
52.49008101123782
67.25492695732001
19.08247005414188
22.607751454490895
45.11017509051396
27.546741786033238
35.977168791659565
10.25287883048074
76.78112536624761
2.4449418673487884
51.70615718356045
8.806210977899738
81.21802648300336
5.4294921959042455
26.49659829624194
49.186507836668426
61.98924015763659
25.69236645015505
19.123915432997507
