75.4084701939068
10.792519165241657
24.66778342543229
15.275152295802656
37.17896825540667
11.172706702190098
50.28355745537908
14.578799224047572
10.54470260594627
3.1540248474310886
69.48966577402248
12.226463589264156
21.06283154049018
17.60194951506449
36.36874978596427
22.568529627581142
13.851941043026244
39.04515155601625
15.543574137937469
29.629311522225066
10.286178459974977
11.91333839864619
22.44098092127311
33.72176097413947
35.82077843166161
35.02210860714004
15.031228986427863
17.114664524245683
501.02784244016357
49.88608192321884
22.25035987370859
1.9653349841793784
