20.938816694414612
32.668209758272994
27.742714924901122
12.712042159476141
14.581107972663702
12.706612940762085
51.78325181537056
52.60511897079492
27.55813422212111
21.797611664676865
10.160757236427514
6.616653731840884
13.084994264355018
5.053619428004737
43.81473277367378
44.79497918365003
18.789819152765688
58.68875755628365
43.07281590203591
12.139655336366658
24.5480564172217
15.248339391728038
34.17774282340558
19.91868633825399
4.5567800239967085
13.161993603182552
14.823282672323387
10.626800728501237
16.868380020969113
68.7503639425779
18.003019093558777
61.79202232983977
14.751765547132663
29.637395065894736
34.907853827808225
20.68793244537987
26.947469163775153
6.606334382188635
71.4114662289946
15.638924654496861
7.229629226392092
24.379147430731237
6.878091631008061
35.760240061119745
7.551057579437185
4.045017067493433
39.0262288550648
21.69031080113426
32.96038637987154
5.33517463907873
24.28608818970119
21.19895333078918
9.200638076650407
16.081029473395247
22.532909601833637
23.6136662168704
39.15916367109446
12.226243150391142
7.789246820381138
