2.0498870180312565
19.15394829584531
21.860270565746532
23.993893638966
24.54026320255798
11.623502641417133
11.701569595909575
43.27674607208387
11.665016712457387
32.88969434972863
10.462226840440422
38.678280078804534
32.94865778676525
14.320948748638344
45.41440786998791
10.762285139613155
62.40104961169645
31.102627530325293
7.1299448367889795
21.78593326953424
17.84158902998911
27.89907263419302
26.21163822054821
30.33470297267857
47.477463326056096
14.417994536819805
10.152199158568209
37.549677941627394
38.357175700377184
24.081601613353968
39.37066867862205
458.14228412818454
19.729750389836653
73.82692826758853
35.80775959390412
11.968134063234544
19.253044383267195
15.779220419234917
29.92198649399151
44.28444461943754
