40.37527240188548
10.62751102013516
40.01176750787516
52.55931343032297
3.1748586486994554
21.458643343253215
31.39483016187343
42.71351855381256
11.340457108356588
30.19755767041029
13.962553453098238
26.16201394455763
18.269403796512663
553.8222093086481
19.47304289946871
27.202332837850662
28.93164486875237
23.50083917791146
10.48967675606562
48.01149294028741
44.06810336650291
28.81074466293714
47.073505877743855
5.079810609865632
47.78667637969967
22.93528103094178
23.20557900635957
20.19228830959132
550.3714173498903
53.67577307313354
7.203318525182169
14.394951804426853
1.0498089111127484
49.50709120365876
13.910059291495685
83.1170820640263
16.610052743911893
25.39731496926396
10.747739666390558
23.810398184773135
23.77201586310015
19.55369819825863
32.64758799231025
33.32281374717742
10.987058923176448
13.753006740374502
