12.273124649154752
14.925063183673899
6.25738359632777
19.756057476405374
5.520122152771975
26.68514491748425
98.18350347948936
45.700533458623795
44.64262958617273
32.161145473408
33.38476731117669
14.080684818340174
20.902994545176767
11.195803473132997
4.985982463010487
5.896533270654544
34.348102820043934
35.561946682794186
51.60871772281985
16.9448632500513
378.038167328816
0.0
33.66361770912641
55.92101569418958
24.456990103348915
11.357646899058409
65.39468491941594
40.0164980534789
17.632176435395294
12.36155624076953
16.06352291968531
30.068249260060853
