57.25739196518319
23.24623206192109
24.500270932289908
4.243004325786885
21.151374937222172
13.678658594154484
10.988089537783537
7.398079361062855
10.339407851085753
16.29337247236613
39.49711298579999
23.608076705351692
14.489130023690137
15.452797403599376
41.441562808111314
44.036127172593936
42.82387869431274
9.825850391054658
17.578873440345603
34.23358465464182
442.32534981375085
1.4656130231221738
19.22004659773502
23.18653469576161
23.17358129537112
10.734597873858007
19.82839142610922
9.287148330638132
23.11299725707194
20.31032614569952
10.71443241586924
7.214776245390425
10.812677508856325
52.718280218201116
38.81481992074484
34.84210682719751
5.728638327366525
18.227956412240843
7.326297933664577
3.6134409595101573
18.081224461709155
8.462887668443187
7.508336310195034
452.52671950504407
7.051508286007646
7.093265157772294
16.7767523142423
576.4829820958921
9.169373494640524
8.871394586254198
41.76364013639106
24.538109371031794
14.310310208533508
27.585846939903234
14.631752435332018
21.01668026028223
24.008435233605013
