28.48854752597066
36.24995852769612
13.186542375580757
7.333694152440231
10.513963118156397
14.010956535009072
31.454107018260174
12.308630175571366
14.461703856153918
6.282514488389339
9.01390542011049
24.089080174868144
25.257432979983776
429.83528858345665
16.911943985027307
5.299688607360963
16.967572502873992
8.053018892901576
57.486062751651644
23.467880916289914
16.54054166296723
21.627606583766337
72.70421999011981
21.497502564352672
13.648126228336906
24.326793449786038
9.24332425779832
13.226592487845764
12.313516709209992
10.634102863009431
14.794503198189972
35.01809724248619
19.68870811556718
7.697303839567965
21.336551458773727
7.419885051120815
40.88639188706571
22.66526721135375
9.288988231044755
22.036044613606165
16.98073044661227
8.469332981437447
14.987789707122417
7.886271015445516
24.02884299239402
21.14062133232082
2.831580700271175
13.391813063380468
