9.58801354935484
31.444578129120146
5.929652350612173
10.705973227602158
3.6701997850118175
51.469693791481006
3.929407802900755
18.529498527075987
73.51013986925214
8.34760887032543
36.56392532652964
213.6248358786865
12.106991792695112
38.58988080394545
31.65205248586699
28.4103706096881
21.14953481918134
4.43471363618869
35.390541047654665
64.73354862399714
15.653986949984727
120.51340481456101
12.260765692902837
16.773253570080982
27.985658206783455
56.58426621208946
13.184662425588016
44.18842354399331
4.020473885655207
16.46382672658794
25.57159042888371
43.50473434638218
