39.4739575964431
24.449499976225553
19.076044813704286
6.1665391169312755
21.612677835133255
18.270224477501827
22.289112832168712
19.47177790138997
363.43518106579324
35.4870352768593
19.71735202685457
8.695099538870352
19.06853938982465
64.72254801513682
19.663657138740362
11.95860576791307
18.474367799317974
47.81272070283882
48.117439118805635
23.63934116155356
11.040505965819293
12.549420516325839
18.027404096972802
77.84484142751114
45.79411836790209
8.917426516608415
3.928860383015234
33.398382411406956
48.08734667458981
17.565426020814186
12.889348646425304
70.73121321690485
8.783129483597136
43.13680349500872
7.358563590467824
3.2044511191307947
5.368780637929618
3.869315696426227
22.81895258402271
20.073404829849395
