5.734350320521685
10.1468246962758
9.756766289745627
44.8798034789138
8.597571968061686
1.5041443532613528
9.045308035780096
28.96905160944776
32.07564154937239
40.913987081894945
14.322528485556902
21.74524181597529
13.145653730622598
8.226044971405159
7.777953784207696
34.89399528952907
17.40312824927568
25.210848681900387
45.237103462338695
42.65135397500791
21.407834454677953
21.256782183602866
18.4931928563999
17.919922885462896
11.634767572389677
7.669093539627937
56.046897287405514
56.25971718975153
28.710943551480213
