15.997925203280673
9.953468818460252
354.43787553312035
422.105215997281
2.3500015118161173
5.185186660646821
478.6367141930169
9.003438965372368
35.60959438868444
40.194589891761936
2.104308966947599
57.62599677889128
23.372857626853133
21.254539591427815
47.080574202645934
23.846866457148778
47.0265731731008
6.004945360185445
280.0536180566994
45.413371310615815
15.195053976478022
43.015170782613595
21.530426997867238
9.637285815518766
26.881761728814865
38.76652613327175
13.691170792499946
32.10300512392013
16.077507540584435
3.1889223569402816
83.4612769285202
21.633298160680553
30.301213723896694
60.71192162162298
23.204778484687367
9.718806487071433
2.361912758480102
