40.235177492044514
12.158345608054901
12.018423169296454
7.671812809080009
42.91837049128539
15.307366509103105
15.238363121648206
12.13158493847871
39.92804563733527
56.01693890058753
15.662407396510218
39.85455506746325
18.277680918751784
53.148339365381275
12.534994073021437
57.82986278645156
46.91250483680837
20.60392966454657
7.691794505736496
3.5598105681525993
12.069477940182992
38.37632719152285
35.30460758070343
15.612211788571557
38.73280064041562
29.473028438248605
16.19275680764821
37.304071812587864
35.02398911635028
11.318181155228444
1.5652607248907913
27.81825370001401
7.936227085083132
25.424580777102534
50.5274249421947
30.217177303846086
16.03133863353129
21.0620203243801
13.229823408938742
21.694318128333123
20.73649449151725
15.245038288185953
36.13014566928972
23.97058233939447
12.950543591507142
17.918486305018973
47.11848885039154
7.259279645875765
0.0
