38.425047365142305
15.14851457656573
22.834641098434417
49.49147662935249
25.66534454870316
39.102765419493295
27.633633915504532
30.915515096876646
40.49110658636903
39.792001082237846
11.42384244165008
47.60324790698024
33.43516861210139
66.68487354166793
15.828139725934378
25.244175899835383
31.224175988156844
3.334422880112456
4.002144387572457
33.496142270178
5.104448577302833
23.15979284825343
15.141456998748296
20.84869001498342
8.215355930271585
13.95601468874331
17.566394055029292
35.51423979803843
15.958663628108681
19.1947431063589
92.30668658454638
1.61198576346969
18.23423917236906
77.05358267106548
27.34178956966953
11.031693336472586
30.148905146921322
31.565839788470328
12.059759339205826
24.179125094167546
26.217965134555755
28.193248198306904
11.394195012920477
58.2573549820094
19.994687378993106
