18.86586096511958
21.89396663475648
16.623996640866153
23.105886562612397
25.68804015634278
20.210375362762818
7.653430242650117
22.298865572970456
7.1712566127569914
61.35099558356433
9.320832793079262
20.754520177410882
14.628633323343209
57.15023547071425
10.2757453314547
25.534666517664846
26.040668286809563
26.674443904368246
32.9996472530746
2.469815891443176
29.705777821525658
18.565585513195856
60.49412479188395
29.360967579092986
33.00935794559594
21.08156914882636
46.42306838720353
28.730508362310303
35.97199420828967
41.60658769214416
166.4745106358488
30.309441944553043
8.770636650979483
42.10461662527882
67.38110075894673
17.229222472829036
12.776428332187322
16.22524065185945
35.825337210471474
17.866036030557368
33.35402896818135
72.8261864686894
2.3544372455585147
18.367108263940196
5.972306960253945
73.11067935731316
68.76236067631551
13.095484308001502
6.126463275392965
14.36635214907976
42.04332725442421
67.36301892551174
17.657319983170936
26.417000495831516
22.16668908272274
62.92749365284283
24.501830561866697
15.712549933346779
18.119402458165723
