14.53034909829475
37.68120379598329
20.295525702223827
43.72547557712828
14.842377382356048
26.021213105249714
29.63449437290126
46.49148642970343
3.7756519586573205
50.78719319652849
23.575213566144754
24.627480289696763
56.52553121515953
22.536543708227185
21.2562986067352
13.533278070201618
48.44884881322312
31.61775626613897
8.52495596184147
34.66160426828628
18.060673565585404
43.143706287483425
31.546238283915415
11.753393386326962
8.808554801829757
6.4780198246356235
71.98792958650793
9.033096593125038
37.56435018275647
13.657681954394363
8.57486345457923
51.765745141372705
15.241994911103461
3.5522071847135805
11.970399279676784
7.991831048504764
14.228065163370871
38.178433521466474
52.39458988502092
24.28957456990146
8.293320322993623
24.174985288991934
59.084622357512316
11.73298094655948
15.495849268230543
34.5741615634558
30.971279094591736
51.68090553862699
22.69420921943572
23.54408800744541
31.750496780954876
27.52501212595884
8.787757117493598
41.03488126208893
