7.180628518462612
19.004012924018696
46.52500721674103
23.236069269619335
12.045523424673775
37.33579914475584
9.552920241620768
13.095009681711545
42.17461760883742
20.03194234963945
2.793429443936077
22.09171625455585
20.747695380765478
6.852884110530439
12.176214113390174
29.686455613819376
30.370417919547364
48.846764499531744
20.539841953352862
13.55638265491308
9.755155179199463
11.93217371654012
50.60705755823008
24.19616423716515
13.265525636999087
28.519368885014217
8.957148017289398
22.742696376803522
12.860153567275177
43.99623418393257
35.16109088943931
14.289969893868104
34.44970449524227
53.92373464130617
11.1953085365557
20.61507268284089
21.539345140403185
53.06507335138211
10.039678255546107
10.548518772941193
17.901906075882366
