23.95657844761425
18.482462568609947
10.04215859081944
7.07057846377802
330.4073319786555
36.72490284126026
3.383798880479773
16.912776676823867
8.200973857751151
30.76344728502906
40.70521271873724
32.58946181778467
5.085321189300686
12.977481085423278
59.578070261840665
17.452903124546467
12.919027367211697
10.160593394253397
1.1246365618341088
39.95648646114114
24.887404237214056
29.624541195402628
33.90726376727088
59.11122334241398
9.583750001405917
12.330546354883694
1.4646964636631452
29.068243737744837
9.169447073031677
38.27624354285038
39.667697036602505
520.2930604932576
39.2426450090731
8.89985888994255
2.752694747895575
