17.152779514830684
9.849633756689471
6.142453999672597
13.115802736993714
13.08488842789724
18.66244436192514
28.8033095319268
22.634464766719304
31.06527813433111
21.288477318709596
9.74968714437739
23.869139172965134
14.657254191391644
25.522752791611126
43.75343286892415
29.611408415652278
15.818162548697188
387.0606053809246
33.25324947825595
29.19827953197806
24.096935412380816
23.11703421597531
59.210341208010234
25.568741792856287
7.9219527773851155
6.743180457308185
10.690028053579738
15.478027201886007
9.734671323929803
3.119503431247807
38.368871299340896
16.751820063224983
87.73268076591054
0.13823791178856482
13.922797970698
13.928830879451397
13.670299172978758
20.185248384588036
24.203470847507333
16.72622434776565
27.383630444408
22.251385934820462
11.248667849014211
14.553825099903094
16.108036469257314
368.24301723957086
44.927244056407645
8.52925073212404
14.663642224247525
10.945435555876855
41.45470639891201
8.119393095705277
8.64444167976599
9.114055291241371
7.80098503602855
65.36737156517621
47.43275038185952
12.745111062999328
