29.09282193378877
24.78209168828252
26.059207468928946
65.60897982909692
37.200366566734914
36.63318559640469
52.689478337312835
42.308519552991896
30.512980359231506
13.39276445683366
4.848243032125453
366.36539171791475
9.32140627910826
45.165464191861474
41.37736779460181
51.49625843149103
6.802151994765282
39.782987045053844
12.132531620189525
61.7571359378379
28.5800348386403
54.951436671123815
18.792277218597278
20.281815824011034
4.455293790710627
25.053968378093913
16.60884504914604
39.88306221864538
13.057632349057286
13.067232911044314
12.43396246750875
6.634743633755463
37.667909388608635
441.57957065320693
