31.874134103271103
8.30872503146432
21.343042732533092
28.458323559485663
10.228778147222613
14.511683888080839
11.631690898769904
34.275158935910625
27.493691757282434
26.19260743267698
10.479428562513931
29.94652260361832
5.33437170553114
8.629747186339813
25.960887622723988
16.819158211393756
5.854485415382868
49.480734190983725
31.922792163689934
38.020900804244576
25.0975141251336
35.42619643270817
16.94768477013558
4.332569016262198
39.77467305269221
187.51862084583473
21.00415956810474
13.689047680839266
9.412253069773584
11.644993967894209
17.28071862432614
3.126021530454665
57.866812152361064
30.579295348445513
7.656308875548504
64.59816209671631
5.759634957301188
9.20769837952146
27.809409330695246
15.040751007537523
8.24743889524538
8.296808851264458
