21.958475505022676
47.82533732671911
72.07327843794788
16.968354571462058
29.908443299317014
26.569355076262127
49.68658923809832
27.171485401623585
10.163453663841466
8.00046612957621
29.673742441199295
8.943104943682911
42.873411421172165
28.31918007832445
42.924091442346736
15.329159906840275
30.17638746449815
48.49026861132107
8.942292517463585
42.20533649982147
7.136154233389945
19.61508128874827
29.67364371252171
26.749097310961204
41.578503541527965
31.294821030487697
14.01533331770844
18.898886108069732
51.219669565078746
12.028742624625494
18.548563858520595
8.044269213695486
53.88330565592899
28.538603378941275
24.604722722854035
22.236886675763145
