20.736361839214865
27.884541522075324
27.805818029429687
13.063234680970567
36.803857572778924
27.05375178417961
48.87713539483644
21.349344019640597
51.81163206887629
8.07011475877826
0.13543387598340928
29.092739379771103
22.582421416326255
28.885548966251136
12.744719224759919
23.20331707434987
14.80401796245414
2.1933801234704617
10.320637250310966
25.009774978724778
14.332367228253545
27.7686058284975
33.29781701320715
79.07756765242729
49.31591673788731
55.990524579019976
48.1570364874551
82.18007456206425
