28.714646512814767
7.6813198644177305
62.413348935097446
15.462188540261053
34.01619800186067
55.59551222626716
0.0
23.0768863962423
34.3184436431884
39.41304982286164
50.01471281398469
29.201171914280295
1.6105472011651756
64.120172591448
19.14422161098416
61.282781770403844
25.548822583293216
31.885186979762068
41.9345792758259
47.136891750159165
8.654657780197908
19.329028296517336
24.200389168012464
11.625579887206044
21.318445822832032
10.769619103448406
30.39541969771338
23.102007094652393
19.158342551732503
17.771862991443527
19.156560670139186
41.260306420560525
55.608472238128925
33.7095037974626
18.69779702649531
27.09345787902207
56.09023995094796
22.483253148303646
54.66180039682058
24.671793574386186
20.938844948927738
42.250657881204134
25.03846549715574
33.92151508515326
42.467481286151596
43.2654027655485
6.732241278219718
10.613073998479138
37.18025312450172
17.030895228968916
66.31453484896443
6.589775536059932
12.021823266044152
62.3779561757345
20.781377141308027
