0.997548993962738
37.65796679164764
5.1045665612591336
26.6852187844422
27.372506022988716
32.085969905340264
17.171634905856962
61.31848531964262
24.618604193089965
14.728381843383588
19.728409308449287
31.603589309670454
48.0501298254013
30.343330682098397
39.94787311510875
16.99978515643184
8.611992134261044
3.9376253593268586
42.462859177507994
29.972552778090588
14.669521737408928
13.677702737868799
9.155044611159013
21.75956645138993
33.032260506258
4.7194902395875715
383.9825536732057
380.5841324566454
3.1176817118522138
50.16134421835041
29.855512398507386
13.646412112682526
13.552094288270268
22.865377393356255
23.044004326810466
26.461261346545967
24.47829105030206
36.505917709513355
14.811708760968799
40.54464764044553
6.718491245789664
53.08298470405366
21.357412796138178
9.32716876769193
57.28043687160998
18.368153190940987
38.688686856901455
25.390852317490214
34.584919588672676
7.637913568318936
16.138831295609606
7.356569484578742
