28.664006339451234
28.710311107146737
31.796254068021014
37.32013694041645
72.60989474399572
31.52899085163216
32.94349971849418
13.025786096569334
56.24060410763843
62.51855110087297
43.7407692404133
447.54464056847826
33.3600440478304
42.580949358398556
31.149941285799102
31.381888954002676
20.811747655766155
6.992043847852955
35.93560002879451
8.161554053237353
56.19967699754544
27.385205184011326
24.67621726620719
1.573055733426088
77.88688920357424
48.91493511011943
16.054796856904076
3.4007969154950217
29.43366692338745
30.409502467293592
10.671295144512143
13.747587346073587
15.088223713586814
8.012872874663273
45.46277753119864
18.480531888366656
