27.039521062172
27.03722120234994
17.855410074569562
12.500024887152207
34.13022692303494
12.603480726890865
12.942406218404415
40.17969789310982
38.502613889719086
10.778720636181063
19.717806220853944
18.178984804994627
59.92096504449009
8.439413569051538
50.416332211020034
62.26119960923616
29.527326004762813
12.265451556311163
40.08356179490622
4.470812106694339
31.883496365381916
586.1961862752258
528.7425526516599
9.48542991502552
31.741941767000824
5.508830816993566
18.057048897597994
30.129657926527116
36.95336529768623
27.05301841570126
14.34054646472488
25.173685719292067
52.96637376256021
30.221926740010005
237.6782358548872
8.416590970292845
15.87618216854851
6.177862033597023
29.931153376924158
19.095330091177487
6.652797582585805
12.063133114740381
23.994386116571633
14.724818699573987
24.255150673814313
22.64360146175379
44.54972136895765
47.51422147092188
9.769963385890662
2.0537426172208626
0.7319482545104279
