31.345042663355883
44.57144314256567
15.923096682826312
40.159787746007055
15.721058311738403
4.717291933468601
15.937577307962016
22.90700116998076
19.278045119931377
4.031149905893102
32.25027944942465
33.943262376795644
7.400614645549709
17.767802998237826
27.295943944175946
42.15388660639579
12.457151764827614
10.423667302123377
62.63775790542246
6.994743057756779
17.354207294332312
18.026386632385368
9.621948447285916
35.61613945309482
26.499959727959265
28.076259356017346
46.06181448174847
19.972078675613545
19.1563319998194
2.591799247839404
19.82409153533868
19.789688680058774
12.154895393790468
8.720620526240538
14.85067964620113
27.334854598254765
13.201806168410371
22.452437737806463
360.0705891254964
