5.91719711525738
54.47239957580142
41.6753349824662
12.777894408918954
9.708848100786653
60.23374423433063
9.706497581414169
9.210412041403501
22.883869095668473
7.558295219164407
23.776793855070864
35.529355252399014
18.099123648730796
11.265763528511627
8.70300881747525
37.37510780044384
24.217824816023906
9.807354992748088
15.421435878817519
48.33954112485745
46.24334333536551
19.139991800776798
30.095407972928413
29.256301272454763
53.11649749044183
13.45363418793869
23.827418101671753
26.729358037379228
14.176399821865004
42.84965078985812
9.382439661219792
24.1711497189426
8.51460817454739
10.166280719870741
12.886478346169255
0.8320524162884624
47.85136987188922
49.786775244839234
8.64696591337507
9.451855060616992
