36.65351440624278
27.80426475528732
9.143739846666719
30.290689676439953
23.557292420109604
5.769482936292874
25.913831669367838
21.45068134865312
14.166369039879442
53.03037728969548
10.665464098523216
43.24255539607803
12.048223135685532
12.85550437822836
39.037913134961855
17.54571028847468
24.788475320265576
18.817705276507624
22.260711279766383
43.346818367339736
11.993951181432124
13.925422660323676
17.038283273774766
25.365022085903362
14.075487708155919
20.66353851294683
25.07335776520253
8.828563156672416
26.274383349423374
431.4471426257716
19.714760323126356
49.07882033198253
33.733824445022066
24.405817484929926
10.829482955414107
32.97209192851393
32.13671946311453
18.95828136195287
22.903654862672425
9.812112718921924
81.2252108284247
15.05862405650035
27.11755599044372
23.758324084181794
363.57224487601167
4.374916793851526
17.12117275576111
11.509658677634917
9.403608001796997
16.680265974306238
17.771979069026514
22.83744823724372
6.17713182228087
26.92897161572718
12.97773541767161
36.554117150558184
