529.5110651068487
21.896362585668484
20.020554289061764
24.839779451833422
42.64473512273969
6.969771796525677
19.189936010046054
18.68077522384931
12.787486736814017
47.28572262123264
25.054433006865665
5.28763771605405
2.5395955010126983
19.21974625458894
9.132448578419798
14.332857638305057
15.240540235259985
5.882444511000358
68.34807703349125
26.73468766308359
5.247017887503802
12.079199617952568
21.703629165281114
65.91589597551722
5.40245394749266
71.16615505450795
32.70745554714473
10.39676159910502
20.46523187749999
25.79486662349497
19.367061959202402
13.416836939001755
564.0189984881771
21.397778082903358
64.65068697933134
23.1195478393455
10.171366844998516
44.68044863642777
36.84042195661749
2.929205544502352
8.220505023312768
21.192805981169258
15.25270549617251
38.43155719454796
419.96798868183714
12.650107724145656
44.89548329694094
34.38609978729582
524.7259897705189
37.53465174110302
6.411806781204703
34.60800143692185
54.45988202656005
64.00760073903695
29.987527192817225
10.540687015936513
46.964001028461624
11.173455826971406
9.924705754047253
