33.62881612940555
7.769194856541276
23.38068619997776
19.271957541816633
14.57977999509906
29.46773143293322
39.26592447399621
18.30212223861497
24.64743266712948
18.093563362075002
21.83007483313679
16.797965820720293
23.753469232937917
12.089947073254777
43.43603064275696
39.150285058242375
6.595789492692845
26.422206359193623
27.792347052399535
9.953943348061927
16.338904630274868
25.975346238924914
34.09269114209113
70.84500258804978
38.632226042213915
71.14361383111621
22.466528040062343
9.817647660803487
19.72671274015468
2.313145628622678
52.67394876223142
18.036848104648
2.8057744621619065
7.682377144896208
53.83012253023644
36.041742855073196
39.37932483256212
14.353736305495815
16.324944220591433
19.07002617344301
56.62900864855489
2.2207721654576886
20.6202969284099
17.197439303213798
26.143629152018022
74.11488581938202
35.13096772422783
12.798418188243005
7.857438463145897
