5.349592446856832
59.660790123506004
5.662728013530597
5.407049801997388
37.84071451595305
18.136060833128425
40.432023433552104
44.52413692877171
15.39034221313345
39.3620544728178
17.164268510673026
25.202558839121025
18.890290837335925
5.505605788612499
19.8318944416865
21.941806896581312
39.6708162387914
71.08940232740211
11.238517635135025
13.996331208015903
27.866704041591404
3.7692261653308634
36.062332058831586
64.02414085005853
38.09906292995636
13.858888490711394
58.16071969421242
15.335573853665792
15.794241473280294
49.51941915941998
67.35497209343191
5.180298301766641
20.682120993669585
44.09677417399496
35.92263144488484
36.5356893768583
14.250466334789493
45.37392236233224
20.01668544201138
74.35019683102037
11.558109560238393
73.38299780277552
11.1223930069809
36.93438733590139
13.47328127766201
69.26615360972586
17.465175529889365
13.889660187091636
31.812461025135164
18.05080263290415
24.866402696254
23.45093721268414
47.16765677940337
26.68938125249808
38.20302757874754
10.699137337063746
56.612861134418864
82.31675648854872
63.70691860033028
14.397739976398597
25.480197991717375
13.59418036775088
12.090563167029487
