9.49080201941021
34.654268394983546
36.174280309587374
9.838236015817628
74.93283866300538
10.033437026711923
59.81469454649128
55.669710586133405
42.62758827691614
13.565193663044596
10.185945087869158
2.2732520680842185
495.50453998439355
8.48907476717821
6.114420566023682
6.521479325070629
0.3326476538647256
45.04508142187427
469.89528945423075
416.6392806546305
7.611664953137293
32.543327303161945
34.23169938252211
74.1022650871871
10.531134812379477
30.905420558822854
8.344953384808193
7.15513709956214
7.853837875605336
15.833586525914512
40.4849979664576
33.540485938604974
28.305286678002673
24.97483498523691
