17.58543446753893
26.869306417897903
10.153510718380659
9.384497066765007
0.4422996487492128
51.21941351655934
18.457855603529296
19.080466160224276
20.736561842984287
283.099307229467
8.532125085245085
17.374034198742905
38.911315124698305
20.13736784054352
17.849715908183896
16.99710336401249
41.67877537324607
8.335411829728898
30.990428478506402
5.480732084362245
6.616098501008736
56.3768881316776
19.9761990217806
8.12748601500887
34.885242258511255
28.625820747731424
21.38785835346799
12.771464414400228
30.714413956837262
13.224965344705268
14.944442380605338
43.50684445747811
20.72268061232782
18.132083651559412
25.700790234491876
29.9609686482558
22.737852753396865
12.614629705508406
26.11920129544896
45.533906587447234
8.310522490313446
18.972204751082117
48.123419749328306
10.243294731179816
6.228706029937271
3.7113371176522776
32.95923901880981
25.961262054273462
45.53277064408037
14.749468258742382
6.697166884468174
