4.9949375955901445
20.54177410462981
38.2765902981926
23.24026465560968
35.5813797494271
9.439638508541961
28.252969871092702
30.637702253250737
45.619152712747976
57.244467567318054
28.961148918975596
34.644707302719695
9.323545260344872
30.84867688913627
17.805583648894626
27.224820968532157
9.09585351791992
2.1208738761197026
32.43490531447969
16.95292325296245
17.32102897691263
18.420436097678916
17.057464846216646
57.63292722179159
5.855136255593322
12.458387201104301
17.13197184707205
22.952116676853024
41.48194989390251
21.774899196752273
25.150436707267673
27.508507239535135
27.328560070839885
21.342351974783384
40.25228647535968
18.331425246797863
23.1986963638614
44.91087812904513
23.660662228813166
46.25656121487437
13.621717264910842
