12.59101935373917
12.326257686140949
29.474589555926443
2.030718795007431
26.77634074186558
20.495055508806303
34.67691484180281
12.281477192158178
21.08632255365265
5.755378523760271
45.51002313884928
12.590242062054017
59.81173793244163
23.8962580263763
25.702004300785603
19.028301766265756
29.742865331848094
7.580771749753936
45.01355907434569
101.01769549083711
19.81363906705039
21.944312920381122
58.378522903907594
29.747650645389456
497.4283807959989
15.897841176885876
6.618621275741916
34.74006815250736
59.00158464200237
15.160658400926764
