32.50028927102349
33.029273501229866
17.623545357050602
19.045059322124075
71.05349418262568
25.296562155884047
7.271627293327597
44.23525042831831
385.8083669495257
23.332914416535715
66.65038100842001
25.416252245679885
11.010632398697453
51.43144467231605
78.42652452397888
11.529262291573417
93.2751100357857
14.068871927850296
14.080455058955266
31.0440065469233
46.16417939096064
18.6502611389825
25.149690328326614
61.33074979436715
14.564522452694987
18.39133015763514
14.269619790847145
20.437569912570936
3.2584877163205306
18.584461260642712
24.50644674784131
15.800725364731818
8.72637972532479
13.77421517277513
7.388605428963729
21.109410381262435
18.22750962660197
