404.0527252415157
12.604007122929488
49.31628512956347
41.56290880325815
47.801220837719285
6.224125111131713
13.158177036899431
26.279893014331506
40.85467371965426
18.23552367977416
19.19565526236174
1.6052631563140523
45.2777531679056
7.3961981205077905
46.8597473883938
47.71556537889302
20.581026136896725
2.4852968736078367
7.979805241619971
13.372653501537954
13.454988311656138
7.602032873527435
26.46856576922609
7.501854456476167
22.280706331260802
21.773074191683193
52.15459033206261
18.85998696196036
13.414603000214086
33.58547352840422
31.951600397094936
45.91593388302772
30.275599758036805
423.2978925022677
1.5439784780819394
31.362228331090876
17.178387361445004
21.99715338045216
29.300433567037814
42.973712742382034
22.987363508514917
15.809245599885486
32.95324215562319
21.859490074562743
20.666927900927092
69.62995581392438
78.98634408157206
27.95869036256053
22.131554881868396
32.42053453280843
501.2344634804097
