18.885017058591473
9.559792507227769
29.462265116022564
3.3001578930544895
30.35070278628524
8.432592496680499
41.06740991232175
41.2288106478926
31.762123696824716
361.77875834012764
16.751854095036293
48.19945649467226
21.20180568278971
18.044136447533674
19.96475269913485
29.236145832140124
20.303711042344432
26.636730170478373
18.93331114290291
40.05053107682126
14.433261188249546
30.34653620102783
43.30979340298117
1.8550932465325047
16.814914139503514
6.954210316873414
15.764707767005717
11.254783904358462
26.533917915712152
20.804556037225282
42.62565079203016
7.116361250417242
40.71053157040107
14.956285498987796
20.13611934343251
42.546315557865555
18.7210112738655
