31.527414285014757
35.59544249116257
8.344591607346104
13.844120288857468
62.612874879293784
11.892829478960223
52.22649524307157
18.2521331838565
70.44459428101032
8.428317126619575
46.48790292515638
31.6215694254374
72.60750277015752
16.96166087944843
56.579743477622216
15.607078494507164
11.680424875087013
75.53514981371143
38.79371500359218
29.88684359028005
40.52248362329786
23.355387036677683
47.94594860836183
13.98150127800551
17.39929353540208
11.220555949214273
19.96296781671714
29.172020183305236
5.684445178286367
21.721739958828323
