5.741434849309655
11.17855983825578
37.61241501064302
31.594176909948203
28.350358457377155
12.708773021996649
46.16740100220673
51.97473522234377
20.180143272549202
16.956247299623087
4.0982069451659555
35.18688614625596
11.996983505239314
8.379408139406365
6.791174204478949
2.6684720703190123
5.187735860612747
13.441229056298027
4.4559386127365315
35.950305558802256
37.442589918884806
15.609887983406338
10.136329628250692
12.661443338124414
21.04930678560119
21.659976967051563
49.768553096126155
16.69285058120488
20.11385498342537
46.07850412018816
35.64643958897743
3.812821222398398
12.441876315316065
368.0542942442407
9.3703606232812
427.93266042851974
7.912720159388243
4.5633355679127305
44.03768448898731
12.837071627533462
4.861826918954947
14.8308965520484
6.04812267361288
4.4666447810904515
60.34014545290108
20.40120692319323
6.772999069003333
9.529505431673371
29.23595015699314
28.736792120759375
63.608864757192464
4.353088555878131
7.07438841145256
5.94183080361924
12.3776379585167
21.624587659069405
24.037357284778054
9.351337480042304
42.209954503732604
11.110845845952682
8.326368191632156
48.16655008358353
23.988429614376614
