7.997908787851742
18.730970216099337
42.061002192458616
24.330243870985328
7.2005746660022965
10.954880825018748
37.96846077928592
2.5651935514737687
22.033869954070497
9.568851001750204
472.24370715274074
6.191606787926887
19.30507832258691
44.48578749500216
65.30114383916546
14.360935243003993
61.39105956942427
11.72630306588077
45.652230648835314
25.043729813333755
33.408063030230224
7.7723150537099315
495.15047165410925
11.942224527043663
7.745109694843592
12.366302219658607
1.424446793662682
43.91049799595092
47.6063414938947
48.61442141209103
27.88463934493916
37.68793426081379
12.398460316491068
11.97509654692361
