5.349592446856832
70.78166775251549
7.3792270405330385
5.601507730109631
39.72407067069237
18.761453764404962
39.63048285519136
49.33764493939384
16.27833009898447
39.01589431692929
16.339139995312323
29.814420476095293
21.54821411235929
5.505605788612499
22.602484511030937
21.950051828000028
43.6636170553201
62.25044460932298
12.347677838488565
17.47214172174796
27.701852659212904
4.319496702618906
37.16338298376195
56.28883525947187
38.71316796942284
14.655308385386292
63.42065551805946
26.00542058239384
14.521068821672884
52.56687123315348
67.94386233395483
11.309604564441372
25.728199805197548
49.692556550993544
37.32511844095157
38.45669148015055
14.010131831211993
43.64042217230511
20.44863712556041
79.16199071547582
10.611771176900533
73.48586147883127
11.17236661584758
33.76943890010732
13.891122836513489
76.25179755824308
24.387279055192465
13.889660187091579
33.22693107280513
17.876575876347587
27.504832101083338
22.06475132684706
47.10715089575811
27.87936183324129
40.48130183891735
15.765916243636099
62.53737710150551
83.58869664720221
68.2113314445548
13.726463818099901
24.663712737535747
14.353677674992156
20.045419414071915
