32.49132415681598
22.800281160434622
22.693048911962734
38.317666762549365
4.396339995639067
14.347742009531046
26.993467853176213
15.434082906956093
32.86152684107037
6.108931153760196
2.678734846165824
27.5844974458375
30.704766179192234
11.047223223407713
7.978863315674417
56.81729095427069
62.843050096762795
12.892396047570628
21.021338723992088
19.83289022359145
33.88289512330046
7.726077810739355
49.28882322345929
65.89996036281107
16.79943046679074
63.2113331231474
419.099559332266
7.703129590364995
19.71919191774269
60.523727690036566
14.942949530550877
30.343891672584604
15.619360286662015
17.939768255684314
26.21290674241908
0.0
60.74822887321778
46.83856149610581
28.178551551987283
61.627727351264085
23.79922895155235
73.48514464884434
13.687248908059885
26.45765111892085
9.245458723464168
11.071038658103333
11.455068628028897
8.711194469426971
29.288771657404027
474.4746580447046
37.39809688964333
439.45700377392075
6.544389750762832
8.429421539050978
7.9939773529121965
31.055517652535997
19.64648907928229
42.08322675633086
49.404175511671724
12.845845557116562
