17.961499490252734
13.912500088218138
21.24363827881227
34.069398455977336
5.505221553381517
17.738764078510087
35.56197176924371
4.493332481144051
56.091375357756164
8.776733418489982
3.571219291047157
14.691286730238488
6.032962281945629
10.813955195822103
32.47051878702695
72.42097664622825
524.5909657678886
15.20655572552134
7.953863949210515
8.647589927643523
4.781283926115606
34.643537412672615
21.71229012632824
30.36127996423447
33.21199276514224
8.279441140943533
46.8084679234191
17.298580267873433
4.428826846429359
37.83896374974239
28.92213485433365
60.619840415779024
4.960223964725941
33.063599887839345
510.5265244672313
46.16487833352005
48.59481882929293
42.25079290314572
42.47361467007359
8.764896592645712
4.159077040145036
588.619814424721
24.78897156484598
33.5343132530965
7.7321815817311546
12.318605758948024
2.462433326721623
31.182912963656833
2.1182703457934196
6.23766149929925
61.44144680044113
52.06423348306268
9.070548971958715
