35.093933029772245
18.318965171878006
4.494373275405081
5.077514085624756
20.990721217183676
14.896056386202915
50.30183239895919
18.896834612096427
43.14656304202575
51.92573812008264
19.660068927598388
29.931044967557455
41.84998436481739
29.26544723451596
10.945480348306162
11.996424086217942
26.180061068043244
23.740343305339564
25.606314314605726
28.585643114910937
295.37160070597247
16.656325437464346
27.806435897816243
34.32086997303048
20.720287898096274
48.312972655062694
22.62468142865481
6.670130648039603
23.54246017130616
