1.9945668098997515
453.72945902145176
76.63239940468098
52.39675587772925
11.442335795941759
19.529791263269885
57.579863640056516
20.081698389976054
35.437011684279724
30.178379114545805
63.47200169151161
19.15448447706028
57.515633148901486
76.53299455776586
23.524868476738362
44.6191126108037
13.04218094173254
60.704192148038274
19.853788382390107
28.039219897994315
10.65368650596534
20.231029751781506
1.8431733920032372
61.00076497327744
12.609890252336598
23.536945495605025
15.928271867807979
5.332871024180875
57.57817164731341
22.17482908623586
7.9652899342912775
12.239502584131898
