19.593940017712256
12.300574426865182
26.043591780407084
40.55545643722694
40.31329837438324
25.682578473457156
13.870642323332333
15.108181349250117
485.1347829214866
25.60879522048961
53.99396148244391
38.94418990627969
19.27758006727204
12.089300721100358
10.89532465627292
10.277765949349146
38.62604899895352
13.801924758662722
28.5619840418411
17.395372092858906
7.911532590611856
12.407089102531046
48.54237288848552
27.004382123921218
13.382945483414076
33.785824280297945
53.90763884012965
35.6348560193118
28.11988251185808
22.511207913342957
42.29240554505165
16.989886091577944
12.06018400600351
43.65619108504835
28.838547529563087
10.217409634498864
68.41268039033739
59.892823460527126
9.446996277301196
24.014539739016016
9.319162776220224
34.14196208373099
42.281693026279285
4.125529411475782
77.76914170565254
12.763464524429452
8.98340507735817
