37.47692227507221
18.23340681698221
4.068045237978666
12.90691432628968
496.5825032187205
65.59396847771292
65.37303086107612
55.62201956141669
17.08037454040185
21.46756094100175
35.72893398480309
0.0
15.821305588145407
72.45653853991799
380.57415014811255
65.34462672498856
25.5293044479171
29.9238335513661
45.667001126337155
6.301058455943462
26.18192000088547
17.377576762128754
42.93503326964478
13.655363199096456
23.941350303752202
8.430204947972385
33.67680438739917
7.9949691273204735
464.8738749840072
26.98073071454141
16.89551933043252
64.39068038430808
0.0
7.152781954825912
44.70987633217278
20.947543492965025
20.61394775581644
64.01399502746337
9.456064937930591
18.517341230831562
9.373786852508175
59.764895730948126
19.327163040361057
16.039396729478668
14.503005308550527
19.73168660321747
10.288763803863901
5.3881767118390655
19.250669326538812
60.691500734769136
10.61227972032431
