18.37824234119907
8.348230385569195
31.235122853057206
3.132078325467063
29.580635713433253
9.273010097473957
42.25277314970961
36.51701206913708
26.649370564626494
434.9688305896301
15.983852795373195
49.206629389434056
12.777707746121223
15.40050926942071
19.130301909640707
24.48922598732463
23.714511335014222
24.34522380992155
12.495300068315387
39.13247603425377
12.385368751967235
32.54024852228237
41.35015522462557
1.855093246532448
16.2722908477551
6.804397695402784
14.323790369093956
11.360473761657317
31.772536013894396
19.65473783005426
43.418623712331325
6.655519103160941
41.378569117586636
16.075934222773057
20.136119343432483
41.55645879600023
18.683856961260673
