25.057646886329266
31.74008062902091
14.406836426652262
17.090599360729
18.298770074005574
8.389276582221996
31.54314219097246
14.953864070596111
51.13206029389441
101.50368966792114
37.55353714835863
27.492649629491297
33.64322106229022
18.665857178451148
11.177403786348066
62.25356714086931
28.674031643939372
8.568881110283513
18.836615408008043
48.01684359435002
75.34208557894263
2.212917638198192
18.090474021026864
37.84570317175289
28.38272627924944
28.62350264163672
36.96683706758553
32.26611212076452
32.61462611344635
27.701863178557844
14.252733882585346
32.81846214521431
7.726914490696544
22.791571468701562
38.52907478184548
36.105710797272124
7.984909953982736
45.25767675985884
15.840436127074199
28.5250324635726
28.282157951573822
471.46041451187324
32.00285109106855
14.822686430835361
34.81794931559324
58.39896275473146
9.20973569834203
30.678172913599553
8.832351085430417
11.680875883627508
48.50654711177077
18.642281818458088
33.52482987060489
23.710993576607095
457.8700414431126
16.576650419811585
6.357766330180425
