8.624855653978955
414.4148932156989
30.207824558490046
17.434328967825365
33.625366046688086
30.60738179900298
27.31185734923676
20.82661527297587
17.640914891593837
23.64424329819738
17.375916258846928
26.015310969825876
414.8650943964891
9.842718256642527
34.52693467081184
10.823722191664189
42.167642536139596
19.076780393449127
30.174840226744678
71.69546827187634
13.393687015794853
345.4254803260082
46.12301028899422
7.162507302714658
47.964564225364555
70.05946299478717
390.04169400124033
14.124859423510841
6.245386296540076
44.81393349073366
81.19366501567366
16.407951105724237
6.051391772782736
10.412278486559117
69.2371694958085
26.414166957522312
13.04421432929773
3.0291882609258067
34.69038305336424
5.973413163312102
20.59630295685912
2.652258991463569
24.7862992772872
43.17489728657702
46.01728829329724
13.860958975731023
24.91503418501354
15.500177291420314
40.082879872676
43.64346898543863
474.13460200815064
12.284418877905424
78.25337659010967
473.96814311816104
9.177502285664033
0.0980950595279495
7.853145429299445
0.0
23.241692086604402
13.447018597807826
31.406150337405577
