57.53824167607543
8.940465361923287
29.993434904844747
20.786171093190887
16.859370333511464
7.756058253059933
22.001686435760362
15.775188345401745
30.353822175998133
7.4388531992503175
4.5470207663428255
47.702132926732446
14.625480463652579
7.287780771263371
11.55501011754562
9.714497303655762
5.486282028221183
31.84138871958639
38.56304351443785
1.0892486727492212
39.342844203183134
7.529104446496973
17.704740877231984
25.188480099371375
36.82758420154708
12.778536195907819
42.01456811547369
13.163967480779036
16.59879141715328
22.874968966932215
405.5080217445502
15.848752685666724
21.407649099823303
6.090012194284867
48.159894687172596
16.328514189344503
33.89309692736637
52.25671994777494
