8.15852134770644
36.40984552128309
10.569352075540706
36.04096882625403
32.11678111434564
12.751738326990605
18.858445578423044
48.81522140035469
86.33539838639922
5.729760473241527
14.822505481740222
74.16641541615046
11.014772010129548
17.727892921633412
59.05565987614115
24.549354496308013
12.66785046217322
4.953342049972491
21.24436129534088
441.3902232503944
2.4223575910636157
32.54978648097881
52.57387093652612
45.351576802663345
11.978611045727106
38.171682867352274
11.908803439859696
470.71095615046744
449.41284026169944
2.4400228328042743
47.144538691072185
7.985227369495121
31.894520063800158
17.679342035588093
14.348308541998676
31.36422369177353
50.194267228784966
11.410001953003487
41.29435138406424
13.39857144098012
3.823175424758219
20.725974922626122
16.306093545442792
32.190645888004
3.9124646120418163
