31.140461905981667
19.693143853776874
9.288316060899803
42.07551058414518
67.26254349978976
40.192817002092994
29.702038719185907
24.758084295345412
4.966132856176529
58.04719322530835
24.9307369064463
21.795401224424637
20.29879828756941
53.87209086845252
20.505462353128436
6.502906254488238
8.772558448584107
43.727348355062674
21.275183438741436
7.998331293864609
28.586776665252287
15.685250507550052
5.450310026706376
17.195023789852172
27.87515859017256
43.088359066563214
35.47686193663404
16.222949221669737
