94.71348758508798
77.08549761084333
5.707328757942889
5.695455159278936
38.80890450156011
26.1215303055657
47.81204652039065
63.94237324744691
16.652856609185065
67.87827493698362
22.895203005383706
80.29174621094424
5.582517888077788
54.36136104701497
45.22806134798661
10.33855556744399
32.411608649844595
18.849005245698294
47.34818867170955
34.551285377007574
15.571592971233798
59.346573374881885
42.309629269816796
43.598830175188255
9.793270292155228
10.415239447965888
4.916272600475622
22.713709910588094
8.660264516132656
18.993354114191163
13.886305683895642
6.636204200112729
35.13091049490356
17.278683395868754
29.153315326043824
37.24627674898606
23.411163533430326
3.016167728066108
48.69999538919812
32.29606233169325
