42.609741488265925
21.19299570393335
36.09407629942976
25.83582290309839
23.69684677484412
18.04812156409048
50.87856825563884
19.71913964263311
17.628378759268884
55.219561604244106
16.27001026332394
28.558778667291563
35.37525398238273
7.015412040619282
35.9934459992412
12.254638223784355
47.96062682081825
5.200706734940084
8.621180012478632
8.900628882658879
26.840540177619786
50.97323849664099
30.125954968879213
20.17466599378855
6.2228970333388105
22.612385288270346
26.242319075657903
37.84973467360261
418.81079618085647
31.11812236971518
379.67765282698724
1.6356015574639144
23.295961069340734
28.025067012147503
9.720970864248102
38.51539408713954
52.95848200736262
4.706576294350413
4.064771019604962
56.79879161511924
17.96822903298711
16.882455593464144
