12.578580252215318
27.647674158598903
12.18648006776246
13.275996222708713
0.2599564552385516
36.03599624377621
21.839924678511764
27.646844915153636
15.952066248452937
31.733961375038817
11.640801919906636
25.301391267561726
16.461458543224126
87.95827242492142
41.43058229291826
8.726655122247621
24.488271728604076
12.100536845905651
28.50647028341392
15.376310021744217
45.43814700658544
19.779006866447332
31.073151731645368
9.090612215780055
23.37901507491702
9.900943033520136
22.9527733641783
18.562096943929916
7.109355944458912
66.384980596551
52.148484959236455
8.793301225941093
16.602123404924356
7.85755336209229
37.48129293851511
14.187337915871822
10.742764593511595
52.879816873113725
14.979348434952271
36.13837970998968
29.424909410836122
13.951301950536006
14.53846977128535
9.340002217374902
14.896577233486369
26.50574533709377
34.736406830083936
9.769679807066325
11.515809524684897
4.110326241410789
4.780617654836973
25.901721267552688
30.015033108876594
