27.894931790026646
58.90006838688278
76.3013438545062
17.030993350348055
7.128438460170031
8.508575054112498
3.075550976822967
46.823974159192716
51.0389977424349
322.64166433370156
25.26246749018722
36.66061289920796
19.693095035541987
12.953267602870653
40.65936951164977
56.545288857822186
44.06597318829641
10.963926181875735
12.42654703606317
37.47417794955186
10.926019913386227
25.648481212160718
34.50586794893188
9.15079058171682
19.700477228089255
26.810306242628883
55.60237686856878
23.699370161782667
19.179824936818576
13.081535111356047
12.558445353120689
35.86001441894493
594.0497743891124
