7.604476177132312
42.017951283860384
13.799431483504094
39.001896093077235
51.62011897815705
2.058299258830246
26.902200016532532
20.44214599681517
17.594252932458915
32.587664934877324
16.900699845480034
35.218899616568066
61.588942489246804
8.774815428574755
2.5165146152412774
23.04449369691973
12.017981740052463
25.061730780226583
9.625789507847557
70.95594054792974
37.842738097196815
29.982228727895702
14.101844451062703
38.35522688771864
17.571746983920946
43.17756441349411
23.400411219285786
2.565880258187093
41.489165022284084
18.02633741374781
25.27731200440276
13.57792608986874
11.610249696855917
30.457813852375025
13.8247250266881
0.6088657140382168
10.046396467240314
21.29846424538144
16.583910550231963
