10.311794767510719
87.28629554392282
29.469377941354907
41.27628940977647
24.862772455489704
13.149090449706577
37.681088627516445
40.42796907968042
11.946747608531425
22.089884298596033
13.594227470044558
36.474361674459516
24.13065727328103
23.69332724411663
69.77686827752079
35.92613994648097
7.073192141365098
9.878089167413748
36.72560893724952
22.182651192283714
220.65739112583086
30.09249616257759
26.252419099230963
12.944395167563272
7.879232122930077
11.396634358269452
54.62640827260435
7.30264461714539
36.94098476825778
33.204808482654244
13.767328071413885
47.633257592323446
13.883859060715793
22.092512600525637
7.331489714240689
21.82661311880247
8.877239933719608
11.77217000411784
270.9818781849573
28.994132470208086
76.27532206804865
382.657038389475
20.204725350335153
8.167101942937066
0.0
