20.46733807630028
10.10071926469466
18.829723179474357
41.6141732664633
19.56693503840873
39.28423955677154
18.886213224105575
33.49302640609933
26.539229569336655
14.566693480757465
9.093511451793859
22.08556563676359
442.2185037682987
57.88539569432692
63.25578339200304
41.259931297971505
13.943300530960173
31.32606480556862
2.913382889190544
33.81128567153179
36.804418330813675
57.251009515910894
31.943603494269155
19.02488438950212
59.51340858903559
54.42618908038938
38.28077400319064
8.150212861829871
29.05682594501127
36.76059158523654
33.934527589092
53.15230058629773
21.116659390788854
12.7270643842931
11.339243996811987
17.969075424525172
11.902465503705642
4.765103939494537
13.01453966396896
7.334395239960216
3.310343142595542
25.60191161659759
20.385339356228656
23.648755234106346
2.8137066168020226
35.37754133741561
10.844259564757635
14.776215329695944
22.917864691626235
14.429389392855597
49.84549889226629
12.318251251246068
