8.463451549971467
37.99668137494696
28.635735682778858
43.61242188657461
13.822235963958889
11.863257702200542
13.29737048384139
19.75271318995115
52.79830505841612
8.483195694617734
12.932181557191058
470.42462675423985
51.195545466792424
17.87606509920768
16.96164676027402
25.310871456745758
18.00821537550243
7.932654536686371
15.63362602566194
34.352092414711066
20.367692543862688
18.05082687144551
43.615775460716634
37.875347103756155
33.97608456864124
17.84660043812667
13.762178681019705
33.99019098859159
7.550650445730923
32.564476530337956
35.31164010728183
29.144915410264872
6.542592919146898
34.00527249647898
8.241348660306187
25.261129170609593
17.001338033208313
26.7515031112749
11.801687217782316
8.880645714689777
45.82857698125248
10.144716999657632
