37.97493186523448
44.630589946361596
21.9915584277924
32.718416551943974
9.133875074489964
39.04438209498973
12.70871281149607
29.877626218997406
14.330469444527054
7.983644549180369
10.47019839473434
5.280656889297802
16.135858929203664
6.667673483152555
40.62396108860422
27.503634396886497
14.99783630159638
0.5804810897390098
51.85287481739715
18.064530889430173
57.81038055823906
24.067154573369322
3.286956568267186
50.35803124603417
21.96091041156427
33.83225101416144
27.413489969045585
9.035214116093428
608.4413409255859
