54.703811625767344
25.65439722927681
71.66640367066137
7.107679471931306
10.028588672306057
65.90929174439302
17.541689717981313
7.429420577716741
26.747591701791208
6.580067414624182
49.568366500545665
445.58188858619627
14.14274919914584
38.5822356796142
51.97896025112382
21.859881908817613
23.946583464358312
26.970721556001394
32.941822262188225
68.05948209381758
73.71391641657674
16.78100158744934
43.8593181418219
6.533231884087883
35.421623954000964
64.1447753159395
55.70249566897772
31.45063944998985
48.61520915033606
18.480097621263894
32.42737083120417
0.32610591208738526
11.012407556734871
23.932227003694933
18.480577161067856
