37.93692936092684
14.120647523765157
3.5823868785112154
23.248927539599734
11.41063502357217
6.566816188409163
48.81983212173503
21.45459583729857
53.26150045338308
73.87926419164141
15.821994291419571
25.25108320715117
45.166226778194215
34.55843374027164
41.4236018135627
34.493272746105305
26.294393864540666
46.45739624758072
24.86663673337911
174.2421365709928
12.73456208072649
31.03893653796007
32.55781918525979
39.304865041067075
26.14068186849208
449.00199027310373
30.347024902682776
9.078866930347488
11.916882291077187
37.866670713751745
297.4597595879717
7.467999486786198
46.441073417713255
23.005292960391188
51.428413033382284
1.7032949227573653
44.2499126846227
30.587830607231453
26.840610580266286
2.876608230435579
