27.774431219398423
36.565656654889494
31.381927641098457
8.632337505885602
10.107577638007385
16.62593252150451
8.723251101282486
14.354529040169794
60.55479354933239
12.25837307793347
14.75443578294798
8.051849167972449
24.30450761101197
4.614129316373848
7.507765122275202
11.792042321630618
9.205068092565966
251.72507203369378
31.72680620542745
12.260468202504256
11.281834038018175
41.14191679277724
8.649124513269172
13.265927327826518
10.227243473775303
67.31857928226711
35.982579095118524
57.39184056233036
90.17115661354657
0.8831451996922226
18.97873350283271
19.234904235217385
11.568486893176328
9.668700588134726
79.22036263115363
18.47902743793962
35.47891318223374
40.83953529727282
7.423420458315192
38.74651228641871
15.217162109132289
65.41057156981498
10.801169339212748
18.250459420216018
14.002369990004723
18.225206342662943
3.555616078485812
13.863910983756767
31.92648968684051
27.077930076319262
