14.100280507372034
58.597328716932154
5.550039553975793
28.063168382143843
18.83400816165512
41.88622420234884
24.928510709242858
19.792141534771602
15.001405580138226
18.90760379170362
10.989867386376716
36.04691452612643
59.29206942462153
85.41612411197244
34.91831052680983
14.569097388702119
7.054126152767566
13.04580821937796
53.26580172990927
17.269968452791232
21.32812014453225
13.125975550209972
50.08861592345305
27.568752225707428
30.580857566007992
21.08098073559796
26.035140971357905
37.18074951348551
35.518492670466486
50.449510376577464
33.77756193921924
33.64009746576528
51.43638865673107
6.4784445068386844
20.43944536339957
34.46435963704019
2.7588191997272986
51.688157242829575
17.48190855983964
9.671124151971895
26.867646540963293
33.32812231565799
26.253055170672738
59.755003767561874
57.674018954825655
12.396278192745328
3.392944693181107
9.216796829971187
29.588131672024545
14.63776349842243
8.06670347662839
0.0
