2.1828953531750983
11.123448677641534
6.045481349279868
3.0051527314481064
4.86355078594832
5.75582029953776
41.55453564471071
15.057384782288096
11.052903771820993
39.85114511707219
23.39480655610177
36.36759349651739
27.872772321846185
2.993857689800862
12.609558467235004
15.51737715975517
15.117869353598508
16.038122290532
12.468515600488075
11.088785051929761
59.35320344115104
8.424386878423093
33.062937283326846
12.071292830504248
15.88883953318485
13.036362157417159
59.718991474534846
3.803428354471876
22.253319243997055
6.591561085119267
40.753566009889255
22.61813129813018
21.40311527052907
19.11204847085567
30.649190895202338
14.038830167080704
5.059565551234812
69.72511041532016
10.466122476559377
18.25468435537799
6.791683216677242
83.13805375892343
8.29285136537662
7.421317694986556
13.280829250464649
