15.254285367035607
31.083848829696436
19.778624780080747
40.49605876381831
14.014614423401412
10.068922901798103
16.25026084373073
456.00344198160815
19.036724467330103
15.387931734562045
5.41711301954993
24.352671498459543
17.874397749805027
10.796330890611458
10.554790589293276
14.394394377949624
47.04864518040844
18.561367913876055
14.896591400096895
14.737394852094809
42.53806482968568
181.48133545909823
18.011707861435227
23.21314365353321
36.36794262622662
12.219137911758494
571.7124349359252
1.5961604666981941
8.771920132525409
17.36138811672592
24.606796581645327
15.435728250483649
22.580481045577514
11.695392382595145
17.392950294333716
1.9616151259991597
9.085493413750825
1.3862541460168245
