13.016926127298248
9.909745537189224
57.04406623432867
26.964839357530366
15.056696388186808
37.45340604708194
0.0
25.726708516624527
3.7791431175173216
14.120771319080163
19.4842543527551
15.553890606302488
13.10522725299002
52.47846987981603
4.118073732525488
2.8217395392483837
47.3799962255586
14.51296452128038
25.345378575323423
33.11753979687856
32.636035700294315
9.51335120395187
12.80593297241127
24.342519318407668
16.588930915423987
32.89899227402893
7.81617505856056
32.471799406827884
50.37583744691696
23.896398744830492
13.69319797156598
9.081827531441505
11.987299534580359
34.63577946054541
27.984124804090882
17.862435722332222
19.644460077169413
23.943384374590025
17.09871618243949
0.864147976139165
