31.01920413983092
60.98391437740888
20.714641471341338
14.425195777823774
64.03059097164035
422.6847916344992
50.38045482869066
16.69705613467366
10.023928970359748
33.26245823843425
7.368215507855581
17.858595457264585
5.412333403006684
19.819698329931526
26.19873034835372
43.93746956447649
17.66226686283825
31.592998107062215
63.74026262439176
57.918227229420566
49.11170724282589
25.85907010290194
23.8440588761718
60.61811185964508
11.91753805366075
32.67917027040643
10.894123178410425
37.97333181900633
41.165075361093
12.760664749148816
44.37490925180002
27.470908313156002
11.967991470284986
6.76185148053294
7.387772494967194
3.9948129886573582
22.258213021073303
15.08276079942874
38.049454828242276
3.2706788111516687
24.882693153138305
8.120382373909138
90.2736821814233
10.87809201049103
24.740320161713754
18.41922016848565
21.82818978883219
15.46596302134111
73.17459000483265
46.40417097349038
38.02845151228897
8.399720152461057
44.928050099090456
20.535824016650096
