19.83168137880986
52.43616157238989
36.582050559177034
152.02460806494872
17.76769033010447
7.026013341575549
20.611863177203716
438.12686394961054
39.147513126324014
19.843478181808564
25.035110414688944
18.250191408858583
44.289409210357164
17.317015432223485
42.488692206253404
53.958388727288096
17.650845955860603
53.185719364013224
58.03424732656141
48.88954238857433
47.75567558715639
13.479230144397633
13.345818272539049
46.13824703190096
31.29654815681714
17.69363168649255
13.563294138553374
51.26830578284499
24.85636708705269
28.10084283197388
35.88106927430951
46.926824213541764
32.31264780922764
21.832125922680902
40.34785167980718
20.863568845419863
1.7151310165531868
54.64903081224256
24.32872782842422
53.126504663209914
