34.192348431944424
291.51476654937403
44.793514402341046
30.417153392250583
27.482831414533138
13.565180471648503
28.48325281559545
5.182397687977556
13.992438414851591
15.693772657116398
18.54003326647387
19.745138413674738
10.061415886063912
19.756924357417773
46.31132838619678
12.879116398567902
27.13591144081309
44.499612421604965
69.40429078663225
38.46076806693135
21.337376810968664
18.79623494747227
18.10320221651358
3.3117454620613813
6.268261049212526
73.73969615682672
20.732766528732995
55.865213745026836
8.475012425468861
563.013338356568
61.71340246708698
6.2807130273342295
11.190325923955854
32.32916281764979
53.040383509230324
17.66047096162862
19.595311322062827
41.68956368671189
12.826321691264027
58.58508233843705
8.711088259249578
16.22885477913458
30.694044729943997
38.37816360272822
39.67253383727743
12.563851667334887
6.76933746472389
40.31333868229987
16.4668589529806
3.904018124664418
30.966361869024865
29.871076972346586
20.173003446675438
8.897564426191849
