16.076615943215813
32.069957702025334
1.3279530881709718
6.789892466347084
68.94883274046126
17.513327977409816
19.719323968393965
35.98627090703886
45.23556872592948
88.10077919693587
20.83946424935266
11.857610711292125
22.18559441753102
12.559623859682091
21.103003905686506
3.5392450915885547
53.81772414524808
43.5239198039518
13.232849103877854
26.095951890259087
86.61174642416094
0.13768346189132785
18.16774659681255
9.998517803762994
25.598546916059448
33.99056295755392
22.28615258828826
5.591016318375267
16.105803385318254
28.447870337094585
18.735055794887444
