37.927259879014045
26.718787905377013
17.426071084324562
2.8843125675649617
24.989396670811004
51.093935821608454
37.59100642802041
101.06141044054067
7.430056625214803
30.98121706427952
19.32629738679259
29.59510122847213
45.76241821394166
16.080656216896102
25.665519635389174
15.940745163770032
32.83354473215245
47.62368152689608
25.821733083473532
6.315064758325988
0.0
45.19887261417881
10.469197255453537
51.01668786587406
54.94329927836729
7.27846080061974
9.249758336248533
19.853188822982887
5.642505125870869
56.85979077485656
11.122629262946617
31.34945058400953
15.234178838959025
12.186029407286526
9.74843536336597
40.35908516037013
18.784299776362616
10.96925663284074
47.38316853347604
24.907177731193926
104.50640343258013
9.215513137197405
43.05431732128605
41.275902978605245
