23.193550182847588
13.771545987926629
61.3792772597902
19.12156267190123
6.362145817035838
5.833661390304059
29.02796903684802
26.22915624932891
9.091419571816331
6.545755559757183
9.796437862841088
14.930821363137255
2.215951841900079
28.288789864054777
32.821663149994365
27.876296567192696
354.8010801250165
40.96407289457818
17.435651114124383
38.14083489366078
62.67642777174487
22.08701816392363
9.667148169372865
23.417192474067804
16.234638114959125
37.007271630593976
5.591743222788267
30.10812540848579
54.64671892756566
55.27687870632417
29.81716057511146
25.085943733503342
43.09108812377079
13.683137984038623
13.435509811634276
12.849465936888521
19.27873366896742
12.033569108212163
13.754343151517986
14.316687253709418
19.397465953084478
