9.439484052429847
24.90693925818975
56.084026076854414
13.444477528530456
13.15582302824889
13.317384450102338
10.592854360937622
15.796011676934285
21.063611690341403
44.73449946609526
6.517141598864185
11.072475752191124
21.42929766089017
2.134446914064256
9.93429414676163
6.142393955564458
35.56825082360321
36.69728138260325
32.47624907383806
36.13311774610061
33.13041109924174
48.62086683108997
34.86228305912742
11.908724716264913
25.404317664659274
4.542872687592308
7.22183808830772
21.825245827253482
23.09429363685507
12.2092360483162
54.52897600158033
12.164642056638371
48.98569330086781
9.631580321664359
14.955755165217909
