2.9524317493506373
34.14901000799216
16.875459229014822
10.222824689168078
20.186012725382525
12.833681407242267
28.92074316317894
27.35258248235769
72.76127608334924
31.11293879800988
69.7016578361875
8.458208075737275
38.60902575095227
30.23308367333091
5.048152714231094
46.62688155881264
4.840092914576829
68.10622221795305
11.644392296055244
23.906253376658327
9.83245855941692
60.70560353520098
18.463246031482555
474.34326377667537
27.792641029570746
43.38062568120736
23.049537806849585
12.071066813611523
18.44972003457795
4.541934478142039
26.210980794648464
39.17498712708584
24.879525075032035
4.556807138017575
55.34498373897695
33.9127216641362
14.868942277095755
25.1738329695128
13.07041155434868
17.31348693060498
25.28177082384896
