49.898920485943506
5.5707641512810255
32.0485868495782
19.125007266689536
51.679902617555484
50.248461376117234
5.4469914490631055
25.39545260636922
48.81966994584812
4.592784387580366
37.982183271476146
51.11906500222857
69.21541383971413
1.8691285608884982
18.680295715420755
6.694523019239767
32.03685164448105
14.924510559020405
18.581150414947714
53.16497236172286
14.704986871104055
35.23246972284913
19.191012850436294
12.109506162371815
29.17377801343592
31.58865900387721
14.34224206776824
16.24120264157878
28.324868161038268
63.81261895351996
