10.671296627538425
8.995706551191034
29.936970849337698
25.09564799241747
9.53481595337594
32.18713629053387
477.8142099439592
53.60016471415224
38.63578680963052
21.15019570773987
25.41201986718474
13.097687952027869
39.97525045069543
18.47396992943726
17.42240441658477
19.302694163438417
40.38074623977077
18.292866413246955
4.0506985050688655
14.144951989617908
27.80525733602819
20.039886405047554
15.355713206834878
25.30613741354071
4.479735150760803
7.218868726470319
19.81255221735168
565.6818909304226
17.320515898877247
9.662778485301601
9.222066173624512
41.11703632087489
14.91867000643461
2.7523680889826636
65.84729942910539
20.562675415234466
26.81727311685249
39.60085401521789
13.829877921859435
