6.875593584256507
27.04618590774517
21.003604030564745
44.54911721295552
18.013190419288605
62.29431993727087
26.031820536256717
31.935371475979267
412.67574523261294
47.47623894067458
20.17605474585612
32.74194262957499
6.313862115578132
33.5562878367643
21.401493571211816
24.44020765680318
17.650915613242248
16.191386996872055
50.7859034427652
35.80075734087583
19.304688399838597
37.82591202049892
24.811818835881866
55.602122383252265
1.0555492953372863
16.35586021908894
5.935683004167032
12.633993186744348
49.04192704336985
17.749311621287546
5.136933160532436
31.356178861175707
15.915637771467246
36.493043062733065
10.876866758211577
46.45955130628418
15.943490779795553
40.38251108332159
11.125747732477151
28.457696190291628
2.3944459471319846
20.006680238236243
16.193534680458868
8.400497223098029
39.85627167067642
79.94410829419989
14.02817452731955
6.20334995863962
19.183877029266426
38.957585112514465
370.39909868439804
16.298120977561126
16.922213946421664
61.55532489142138
48.1073368593767
59.86846741994685
13.521276419139767
5.201162630732341
