11.468894365690915
46.30592826610125
330.61536430145907
18.581239218311822
40.308106601831156
12.77462313907769
27.521157944159242
11.742273787328259
36.13281006065448
28.957145443272864
22.31028067672284
33.71211077116736
26.87944741611966
13.574268930450387
20.566484498510533
6.962298022706605
20.066550409112338
50.4329936605441
46.206294695645866
374.55716645902635
27.196460797502823
45.81650607335601
27.585712029330224
16.806531072806763
38.21765819224501
28.750055087022304
37.594616617345594
4.778625198752806
35.472204805037435
5.5044621639659965
21.36516201751047
1.74676577841214
16.649456981192316
9.164341421477886
30.345182624191736
7.051719994152705
32.2713155656006
54.548743167894756
11.887942471984601
1.7122669111175242
