8.572877692068957
39.801468816614545
5.152113933203367
28.100222660637215
27.375725948029114
33.64372069334209
11.070108165409707
8.582109962375824
22.447756867163477
16.885153075112015
40.53716534068148
23.296760380951497
30.97440795755614
27.66042043336398
22.464151778623403
56.22241839927136
26.819050343170474
501.79700997905616
19.07887960156758
24.48165197712757
22.229950775644255
61.18950835609557
44.778503813543225
35.97609635005084
26.41518838415493
53.066873548027644
14.979482810368921
20.64009634907275
19.316200127041583
33.86770658388443
23.369548825237544
18.686918823382257
12.544799942353421
16.938638197339444
43.1815814615525
