3.401590016726601
1.0781043836904587
35.27748546871511
8.508068333124669
19.35194210891828
9.584061995845161
18.491939998788112
23.475718675957367
15.993488383277679
34.43198838421435
77.67211640264617
18.46887766377803
21.36396981980893
6.441487410458649
12.510663775438289
19.785384916675284
23.289839209490466
38.871213930403044
33.84732313051609
10.667201565894544
63.389019258132834
10.540105887196063
38.610967936982775
3.9409197012519854
2.1777255365885395
41.767620667394624
295.09634196131356
13.643372305861917
14.384871604655473
23.941031524446004
8.382463345087132
16.97824580623646
9.12537375056705
36.59028541370242
10.686770805429234
3.6497715519991516
19.52375599824343
28.54290357675704
