22.020312257186617
12.891506839278634
54.60543589180355
28.388628623036965
2.4073220838019864
24.722981972938655
4.315097217848049
28.87371505259469
54.01480565803972
8.904459141112682
51.594145789159015
9.875977980928766
22.329051286145457
3.4358891699138923
56.36421844629561
16.28191276216414
11.668654281879725
20.84040925167605
18.81553773166921
46.381324245968
20.516456996246518
34.44323677742834
35.448717593238456
21.553583016647565
71.35823796814742
528.5022055516002
39.14943832946645
35.54346371440515
20.41750160502579
18.706151346536274
15.183835114855782
34.43989616072831
23.448677149419197
18.192491132633734
19.99223785125028
24.2260102031252
19.960042486799722
18.71923304175742
43.03542539750674
21.260137459763797
