9.569900440806833
5.240149052164497
32.97483713913209
25.391190778703333
67.72216165977383
20.052406162200242
24.215403410595854
14.833322500193816
15.703435045391927
67.63524731195963
47.14854567923162
450.81332578231934
50.043403379813
25.28702217390868
63.49673958299691
15.532450103704164
79.70707502151157
4.893500309269527
23.617829808222652
11.603333502262245
61.727437993236734
416.5365236342418
17.55178203613329
27.837188230422015
12.678437428220263
72.21062838121442
13.379547711923976
17.399184673881564
30.454666669799536
18.498328591356625
26.13748290761653
35.835769598547586
31.679702895693055
8.901506747808085
48.87011673062486
31.43513414177187
16.66406038267931
19.8953971208811
