20.489675028951808
19.512658260326788
12.639109630294229
14.568047394634974
21.50192133282991
23.210469000322988
6.416698473745598
75.6016971507442
11.463804426021952
26.142167972303895
5.1333530812904655
16.598056383854328
58.884366470339614
13.334901560141418
25.324801074834056
8.068170121616149
40.73298620990526
38.49181150491556
31.99533622505048
1.288046701514162
10.164966971005128
17.418983480681135
11.04520724145398
19.9714196015954
12.858279286489065
155.89218569003094
24.982681186374634
36.52148888474292
23.18031436796113
12.834304944601783
13.06154517057152
32.57093699492185
26.09940586036393
59.06425072917216
75.95061103490568
1.562563917813435
9.919030626098646
37.69169013156237
32.14289007227103
18.354206752480366
6.248465906385363
10.42407124877468
4.357642255614664
44.58596597335067
11.598890293241965
49.13489815721633
12.343082979412117
532.5433457669563
10.565552534026807
36.743530749806254
51.176915822103496
21.15029112597915
3.570478113743121
