18.273650993714924
34.91437753233545
29.355516007858057
497.61644213461636
14.0597776088496
8.343548764277529
32.111990424559366
40.04616430088721
28.443987287487758
83.35964281979663
15.54372711324558
42.949969278593755
82.6090162771582
34.82705151523875
0.0
30.141707963979727
10.309145170340287
48.646242209507875
20.73231372135693
19.72988596762812
49.05296517939554
15.389497916630049
6.737799162747351
36.52904588142381
57.57114002400695
12.624206442251776
46.97056806157498
1.4423153746167827
31.241875761318568
13.022287456069435
1.3269092722551505
19.34226947560309
24.56679993383861
13.536537106765323
28.401365947552335
0.03555912372829084
25.01636204626365
38.38127242978719
19.512983144558078
