47.61825805999712
19.975740778819997
52.54446171201664
8.321829349461382
18.309494256235936
31.73438891191229
46.346833373491606
14.646450674736585
44.61296618619309
32.963881664190794
18.0307799349425
6.939861661142601
19.895549640849666
26.378158124824324
45.569417768734866
33.821472128438344
3.889669093123132
49.43736571854197
4.895507896508576
22.086193690329267
41.663486468567584
27.060614563721003
19.791266728183984
30.839219953791385
3.2584173703135235
8.009405462259508
37.764329002674884
