6.192259439804971
7.5800370170701115
21.848392498215958
23.36268646297711
6.102044301570984
7.357145157478797
454.10218149036973
20.089911319031003
36.57274218756149
39.66699460233065
55.0751398725876
12.253326948082446
7.0627978481025195
14.316685594503838
13.265285215490863
2.575217734445033
13.441776753994375
40.66798957986947
11.581667463323484
7.7575951446432185
7.943598675945836
10.638421051252593
48.00467031405415
17.20998082671389
18.549830749479128
2.4169531020770165
5.329917292159962
20.87829325222384
364.67513409666043
19.42875115346564
43.71425937516064
400.6093286462232
8.88120333895246
29.948163475982483
39.37619117579308
34.312095136934474
4.350402885891455
6.783685412954554
37.61411065301006
12.481327992573043
72.50685921587888
442.45270201293056
8.136959640232135
19.085332075431666
10.197381991615472
11.094357516357846
14.736252578410216
8.845290156640601
21.88232997688388
60.249558828629404
32.988448747852274
6.788179395092001
322.65262872932436
