20.53686061780256
21.595307151601986
20.456787966336606
27.60945230977633
25.866414381305503
21.626877618607352
6.888952354437521
28.862595910829768
7.027348677300651
64.62570398896152
9.507225069378265
20.72098651029438
14.466105233862791
61.88784153367526
9.98298188358153
26.90498840454626
28.734450131956834
27.762190093758377
30.794303085888515
2.469815891443261
27.4754873628209
17.85468723374123
65.3231978665953
29.854206646664096
44.4340132112587
21.048090532117442
39.852114499162965
30.92231935958904
40.56786314865633
42.57071387131515
434.58564041030144
29.40378013334555
8.770636650979455
48.31746113477456
69.27561504329198
26.015357485060065
11.791437937168723
17.623104970354177
39.86636384769983
20.613261996821777
38.38254055600299
80.95974603982233
4.375695637556319
18.643747584759907
6.036970695714928
96.62664352868998
65.92257818218208
12.73633546296523
7.316114589720058
14.01887232485032
47.90886371856966
61.45302616308946
19.49559766703112
42.63912032488793
23.550926658639042
63.210264718124975
24.31335724954927
18.54036118041303
29.205838487140284
