41.289198132800834
25.028434062370394
40.486919735686996
7.011147682002758
69.33386571573205
12.134303757728503
18.864947605835354
10.80421396159818
16.165053674503724
36.402207118224894
64.46701118352806
7.36367712369713
16.972538737712796
18.839077745741875
33.9031488457525
31.014939878974403
34.60310358112545
29.86721215155275
16.832401439498682
46.07627034089421
13.89685952290516
20.562526887904397
10.755386141074439
44.17130843404922
6.3636447987015
9.298483850525471
25.32628788765767
33.94712490203466
42.44832791559956
6.081525342928117
3.1778552555420987
