26.864919878238283
67.2783508115441
16.345206058970547
35.446424454899756
13.633109289482022
52.07678268368443
9.19386686111497
35.73083947879863
11.287757530037908
14.340815250192392
22.513318282512614
34.623303502325314
8.028487544325202
26.737476762084697
18.499637619902018
46.14218322658175
12.363780435579145
25.0222776662374
35.03315085685469
45.43442465593344
19.77407340949148
21.236952412856027
5.703553076193501
37.19413074829889
10.08337519521082
59.866407271205134
38.760724101132624
15.549196775033948
