31.647136498965594
26.373925293372565
25.46133492158495
18.97946823736011
13.895692905717198
31.64192055559326
13.987357225291277
21.23060050861578
13.474117886598023
11.56415440389027
21.228930418776912
18.98771270118347
8.175439430223065
9.532566688205435
35.601118055621114
28.872349729507647
33.47304247811961
13.930524606027348
23.687648269642835
7.006314906654055
15.228825404216337
13.236422814382877
58.91082861113816
67.36002294786522
457.49806402074086
54.68421532655135
21.31862779162107
36.32800705488536
8.028615016935248
20.049342402584543
33.74920430439623
1.9096359844278368
22.593196902196894
8.502555970502812
33.47836660800462
36.87003058505212
23.0949993606758
38.73968017320344
12.375801753657655
6.474087134828494
32.86032079734758
25.57479372698411
12.150244019397107
22.593849275210673
14.40235028527266
31.11260490419454
5.064594152682602
8.632580508157787
13.157269912875037
46.474468079612095
19.99988522885849
23.145485480140465
26.7178114378533
37.365321585292364
451.80954045045655
