20.529974984520777
31.649037699936557
16.494846590027052
15.082648577604758
10.803652867966406
26.167044696558023
11.96173342606744
18.180930440725092
15.667971085655083
16.564170283639243
12.44301847292482
11.46897582934838
53.19226220908219
61.11408018109563
28.00360800212853
22.159761974966628
0.0
24.846980156952043
22.089333728546407
12.565217475421974
30.32282144533525
5.219548429335276
40.65864566895283
24.8802918445503
14.972645687749193
37.844238335049425
12.71744135870486
34.4779340583209
25.23013292952365
31.70462513979956
34.27199558011455
45.19979785624237
12.018153675408826
23.838545816944844
61.107172969833016
12.503459366511436
6.4306400186076615
23.274915598891965
37.56168807438799
12.278202063421716
12.406769036895383
12.99459807704379
16.727874269310746
48.0992627659504
0.9253118452305387
26.02456773368374
0.0
2.127464267553023
7.752047111034486
12.064731820961313
22.367361790089504
32.613736158506796
39.247606143946456
47.76436891996272
22.856923261218867
21.356903282226327
