10.332230985571812
4.068061799588833
7.674471794196137
57.47002954539366
9.916904534403415
521.6791564271824
26.607825329849348
6.646954588863139
52.30650761066063
8.066996500833255
6.901025721204093
20.50365279872142
20.65404732214928
36.966216151004545
18.356680133455683
29.65143804069524
68.38486507080296
11.153103065055404
32.71398888835546
21.45366401114555
1.9011945881301386
34.868564411353006
11.112160879716669
15.990954197067708
35.634919116534974
18.70986767016501
57.28700388201102
33.33806882116187
25.148175847045763
43.55364962627026
22.291710743065096
25.693540888093352
106.62716973797036
15.713634462222814
25.04527012089325
5.3994167074548045
16.465670095134584
9.395545664890022
42.06766734144094
13.790860031213853
11.611052983217462
16.283793652634003
17.534074207665597
15.959081906620028
26.945774053937996
20.753697915753165
66.63648169531824
16.11485984107982
22.0665834173778
30.92370924446479
50.84013322353492
15.959204693857473
90.38916817426113
25.33725888851052
9.763066253012568
16.003004686356803
16.000835778372988
8.03571276564756
11.480511040317552
10.27462251541283
20.841729984517357
64.22261226000519
9.23769543131398
