9.216007781980394
18.387172890154716
51.627047431919124
33.600150319388675
14.786107858576827
14.302226451381046
53.113344438932174
16.345414684673557
44.87935951176166
32.040184945590966
15.553154478006078
30.55650878818726
36.708911725222606
17.125366052813106
10.44353326686118
326.46247699595096
7.288791130378911
33.4208683404819
17.350362400611317
34.358772331168566
27.082785622952287
42.66202528022946
9.677244979481145
4.70085519883969
45.916215915185376
53.78641134945285
441.260914039301
5.514241793017632
14.876202036241565
20.505272266923214
71.07371396324764
12.290543967182145
52.38087218887516
17.003031044793943
35.072464727387484
22.725129279256407
13.97395315890914
14.257860674165983
15.504325006098881
51.508840177286885
20.2226074535904
6.17480194302091
2.004851784949338
17.880065584503697
16.491188304760485
