9.740778748468884
41.133144373379125
12.22379516986129
29.524147585306622
17.859532807673062
27.336822827034467
20.00675860308482
38.213515241242305
39.68192433763238
13.214014032034683
43.22456328302319
7.700533560273627
14.400320618498242
12.725252366016647
17.67398015769065
20.11077577013461
42.61251675830522
28.54584622094802
10.357336005772908
86.2885508339297
24.557729779507923
11.200278352043384
0.88521271478767
10.519574687439146
8.435591831951413
3.995467681946124
17.87525852920311
43.41612007890117
13.22960030695198
11.571657538523667
14.750601554402635
12.481148483238542
12.712305794311689
28.606165209064784
21.290825761584642
26.8608514065306
52.0316491933809
45.04191151741411
9.118779187337196
6.359136369682716
8.065589744056254
62.00576444741195
218.64452473651312
31.210076548239357
168.58142631796846
6.639280633830822
40.14029789476345
20.16569357357909
10.634960102794082
7.287235294801235
19.32908230754569
12.407784085364995
33.05635781683455
97.02996093108564
18.376920591582547
40.38790768461844
47.437547057395264
26.293201108349507
