7.32543715991288
20.948511689788802
81.95093535456547
5.465309134107017
74.77172009562271
9.511383643398275
71.4013537696336
408.3566187268351
14.494414426773943
40.45357920062672
20.636588858303995
48.089844852587746
21.01356014109318
49.87429973474133
15.270818341941123
24.02240097928916
20.87936130524139
29.37007732018752
22.065887960008695
5.147264414600812
498.31625954282725
13.80797118017216
24.253634475084255
29.380079466081597
51.61966966518865
38.34548840617482
33.5181086772988
8.644017766626831
14.52929710824175
43.475958595892195
24.32778871839794
17.370762348934463
21.36002470439375
36.48280658223247
7.486690302521325
25.752133894387995
32.26407897175113
23.998366138174376
56.91215488038701
43.3147847470573
19.908238301770112
