13.178648727321658
78.69112778914166
12.386070255392298
22.791969453725414
14.975764890336109
22.521377971415944
28.6882081080972
22.4208225716537
43.89186515652261
11.21480966559976
17.014172491092708
53.72971155090423
44.5904353354573
37.094304813600885
6.489785301361678
43.13051973769849
5.564812187783716
2.6191898939851797
34.491903922589984
24.77250743163586
21.153855929707248
8.144455032348077
21.12510218622404
186.11390957196159
21.504073543106614
11.332300125075477
32.646259049727576
5.750906940752799
47.659366478283445
11.035121834656067
45.334277167754934
14.953696147207367
18.944478196839796
55.73006053114116
21.961511613286234
24.410348809125594
11.47865081598907
24.46118006842103
35.38479207106262
8.457097538956248
15.221339269683213
33.20978630623108
35.8689276982837
8.945990964983324
5.877250340316181
28.759724473078876
20.239576375739688
57.50240301475863
13.757923871539745
28.30707828234533
27.144344875258284
