24.06210644304622
25.84395087788937
2.2474761238706975
38.29386586301034
9.594865292851352
24.146952513671508
2.205163417071361
35.12851786161008
30.954647401890554
14.881771493831721
11.07898492737192
42.85889269618086
35.94556198026659
18.36495413279401
39.16031587022093
22.051162832009723
14.563834489586071
41.91194988523226
22.80681192208276
36.421962783613196
56.35676713690205
25.736661187202643
10.483535588576757
14.975241429970339
10.182995708902709
26.30797458765531
38.564384460183746
3.7776336138057474
23.06320593846064
41.65589868307076
