25.36719490137179
52.25781105992725
7.554192700546935
25.72524204802238
11.259690847594726
37.92074435335343
10.789091839404477
34.516225466356616
35.23588140653571
16.638056057228155
11.837608376808504
32.81783873645007
29.824956207223224
24.286841289066274
15.795409301491077
7.954054751362847
13.048196936126814
16.29902681363599
28.993403208982656
11.624627605392789
37.29732382350497
10.457574394405427
20.666399229468226
27.242605790491282
8.942110655187705
13.787461465773887
4.486165573221314
47.198048765639
18.000574493044482
31.817402868450287
6.731826395489904
47.83109870433988
22.23008533683054
20.58674987408679
15.603439840925319
26.978758524339028
15.954496332702107
6.1923652375230915
13.219234626828452
