483.1925036718655
34.879270404675935
78.82236302320683
23.800673002255877
53.55375666458579
15.615545538911803
15.593966034003486
20.331849164122886
44.64318739971938
3.6810471391509054
33.60063891064047
14.79007082327432
43.44823211523543
35.530646110761
23.67706072597717
18.70686858976937
18.061979373640042
13.597610756669184
8.937541473388876
8.529662041515905
8.490988205995095
55.00755046474255
13.848703373151892
21.98828108972303
75.793983621788
9.361757072176431
23.126291741906613
19.540973301696397
31.565726439122457
49.61701491358056
42.088510994578314
61.76490899815528
27.479160125815753
33.846988425475686
35.735336084938254
18.738105186875487
45.5528581799574
21.355155749984917
17.43048091540382
14.890396891954438
20.376868899139694
18.729152181937053
41.67211885660497
2.825486010135961
