26.22528876203414
61.71281879516509
49.34060224939543
32.5657066872233
14.97900438821408
10.952176710395463
42.29633179553491
7.729054019743913
13.210751329365692
4.382792275034589
5.951870814714184
14.395540193472854
22.199276661813926
36.24518377909271
6.89455161372328
64.54701918822832
23.8622071381063
25.25756910795839
15.371733661168165
23.893684547289183
28.719089287188297
9.530625312343886
14.110127527430336
20.853018037457005
31.880881797464326
14.943185497194648
47.864656912776496
57.204811949506194
13.473832640480694
10.300042633450204
26.085707669015434
29.792202837207256
16.529537667168427
6.34713201611936
29.01672817563484
37.73566573125542
21.650670184915356
41.617408937916665
30.520065413306952
31.832255211793267
21.73827508152563
11.96602032501356
55.85668483961727
21.23536687083069
42.347404043153816
20.761217336408833
43.858599888024656
58.983166390445234
7.4251480265924386
34.34060636109113
17.616052196093676
22.14458295923913
33.97624454240841
29.271056040420234
522.4632958774562
