84.10427502195978
30.598291038768707
27.75009550481313
24.287543562641815
40.905636076786365
27.77554113039497
27.005999733840497
39.120113375687666
19.17895861475482
31.92295523332197
27.43861982635636
9.297297371412313
28.738491931300146
18.171981682707795
5.861321304213803
21.118430646924324
37.3848592077575
256.8428317436993
14.274473348671194
33.49395450477172
7.297351392228592
4.764674654740588
74.36467275002862
154.74637481015702
18.664594802060677
36.24512287570947
28.90959518880939
18.269894123521638
18.919962448652655
14.172822688739743
21.181631528956913
22.36634816716284
6.977246341311712
25.386232282800364
11.173935360787198
50.68492237542621
