9.794024415098733
6.114235053545244
15.653536470190005
5.326440737885733
15.907316950036048
21.167361983430155
66.6048403289108
6.304481010988411
39.483541110312444
21.548112325462043
50.3224452373109
36.484676242945454
7.307670322806786
5.494166467402479
29.03332705383677
27.005940098182677
5.124669413411368
6.590656745811799
42.816553086372
29.05657995997798
7.04122474593872
19.058478388129586
35.06232614026045
14.21076948966116
27.937771473943755
27.65349141031807
24.452955975720002
2.3772251059698988
26.52987451206849
39.371979508644515
5.737646971097504
15.014829108374641
57.41249476074226
30.460667414042035
16.895630701118037
38.306722359952076
17.603444867620794
24.015996427379875
8.22728129550498
0.5572280591286045
15.351188952844751
16.75498878107838
11.869558024230884
12.396768498324704
37.73978518442668
60.46292559172703
35.20933284243149
33.58325068952503
21.456518643488636
24.63207757402232
34.2495512338901
0.32126908277155053
5.396080683876079
0.0
2.808656566962256
