15.071304820882574
18.143949780313022
428.1527742214059
20.03779329726092
29.92195624496472
33.25971836724432
39.639450538096796
20.524426929201297
0.0
8.369558883290864
34.81972275192763
13.680868049647827
60.11594452711225
5.984499565400114
10.48079630467862
350.8394009546613
1.67313948259644
59.37370209328684
36.122036419579786
60.88982443238862
18.022104628659434
27.530413428840177
26.71207609697349
65.36519148114598
18.874761065070487
20.1676189387954
37.12187629918773
22.156586777871695
47.086757177219184
25.981122169281846
32.879154686953
18.30877265741107
52.66931393588341
23.24702976369825
64.65870460013075
9.91622060009891
50.10866828791667
20.541070642211878
70.82272473411197
7.460207095673425
51.80165637174014
6.316160209389125
51.87896307818835
13.702104883118409
9.17351968733675
27.455515104860382
9.724384298545274
19.450179670612442
80.20008381312542
17.019874814438126
8.075782665691278
20.961576341127724
23.191027468421936
15.26566120045942
10.213154502260736
6.546154522970241
14.251405638665233
45.710429155274326
502.950563831807
1.103171121577347
