10.26455450670261
13.28614400452443
44.21774722838252
21.805879660959235
57.1762533230481
12.676056177960945
11.594003725765901
15.769480715175149
43.127743395599296
26.399203934826375
9.580245806005479
19.075227075478978
3.57821893433416
43.80323569365092
16.42517911967279
55.13607291386974
384.1696232946439
12.986212787582602
13.599113400639766
57.543603719786674
19.28039296253253
9.471199279351609
12.402768932242893
13.808947376648831
5.2797280220245995
30.769418615469803
24.41654293095047
48.61171677530575
44.5446630877711
27.683975206092967
36.456565050228306
49.91240336339422
22.903024400449965
7.955138005837114
32.53900355002861
26.405973524264397
27.896465128585504
63.45108725243392
177.71537877017747
21.193895938325696
50.11574438611527
12.635934011173205
1.4523284554333458
11.394046322227794
20.8247011398134
23.965374200399012
77.4466318747268
62.15455180530867
0.8312103261909272
13.51238182718852
