44.95593242902119
6.02769009112194
27.157006795878814
50.91163653950542
24.608114463317918
12.762469550888682
48.8137623830051
36.503844155490086
26.20885560277631
388.3633662409427
23.224067126718296
19.369750980132366
22.48092091246393
0.0
20.48261157796746
12.011642327239485
13.912322008993087
20.253468246640324
2.4817481588100634
29.037596660521842
21.47605252733746
50.3455757603637
11.703330989258589
44.127141801062564
13.399910188736342
48.2061981694806
27.908673937077054
46.70153937446317
1.3208845282715913
46.906169761348366
37.97646307458518
12.376265568158686
35.11941334131345
11.954103403333164
21.86529546706187
33.32879943832455
21.047225667504947
62.13720372584231
0.21785277808356796
19.84577253174153
