7.636640059881387
114.4951065824875
29.468725069256294
39.45444010432263
15.452708375833396
51.298089989164225
48.23964834707242
16.231893558725048
10.699882671056187
48.29674842367115
4.776748840958305
76.63067702506955
291.9436995245476
5.793389053449161
33.618546231560245
530.5747367088251
20.71229102337236
45.5021335092636
43.25044296617055
9.872874474537014
19.701509703121985
29.45264962596417
2.3550051915461268
39.909319931860125
7.275558673096953
48.64686387193211
53.65576404315706
16.386313446986236
13.293694922798664
7.275875611039012
12.5145540391823
30.485912327450336
23.916227518495802
2.832260755287976
21.524313177187096
18.34843221725353
31.26173006400549
37.9892130243433
9.657595006275827
18.0134116425004
19.160838887889085
15.524987597628652
1.6973789408180835
16.31207744997637
14.309113879881835
28.49835373855538
21.57790618434099
16.290209008469446
4.8434640711457035
18.394325816555067
10.118569624151434
25.74493348181818
13.179134199369699
46.24301542771717
15.504267497049668
