7.109837546533157
38.91865100008023
78.7873969696065
10.782427467669848
4.72839228251641
67.77511037512818
57.72774575110404
3.3835616392046717
23.196348554566868
14.237176391177982
14.942625983643481
35.79590275638215
25.88172128313944
52.37553761746089
61.19964759607248
19.237776168134005
27.419504717104317
11.94675304429245
11.28904303644569
88.1856916267186
16.172910592850698
28.19686955285701
26.995501444391124
2.614335078181071
29.25752016726514
21.92302741145285
53.64813477515834
3.9378573851564767
5.05287163889767
53.60241938365638
20.25434513218633
36.254071358624685
57.64386700629841
32.8525428891579
8.411213423510588
23.818790500009115
84.44344530597157
33.14343826943124
21.09783081912603
16.365857916495614
18.672370743699787
19.857081634724295
60.57729765905728
76.83204576376596
24.318718822203223
62.492899606221926
53.98761235576977
35.10375720823721
16.071476172534247
27.459572643276374
10.34981144422612
57.701436131929256
30.27475119972229
2.735669841198174
31.258627899540897
