0.7894143201391302
30.825193161521696
15.01983591550146
17.222694957051885
18.461715200540098
31.460867361431823
59.308854769119435
12.19696391966491
29.380437946381818
5.443113950548451
31.77680433274645
34.598134805132645
31.9059488674
22.083268034027043
55.26945570470701
49.80217706177318
20.319376149667164
9.518642281800197
15.96438395764261
40.86896795379175
43.40578359995138
41.43918574785518
7.218125779020582
50.421149863323436
12.800606433894757
23.247971998069744
6.886611749206111
28.412589853030795
11.159736647734292
39.81245708979583
22.78816473324565
9.329392925687216
45.99485062400957
24.41271108313353
37.00566501279661
10.229784164980543
38.51873205213158
600.5916061303222
73.5300506074728
5.719622492370064
31.151485676091283
9.542044499807588
6.364045300561344
28.55962088182457
47.084957261318834
20.203649140339323
9.401161672842946
49.2826207709104
23.403668679481072
8.369351434569808
19.8072026781399
14.32193358426386
26.05323420186936
