53.62719913539816
22.429597333736353
2.5520044720373107
27.08321633218796
24.893968178922393
31.917336952971908
22.954729421553566
21.01964785827633
15.431795925367226
35.9448901711977
62.4902786193439
32.198309813859595
21.18149733084907
60.330544304647944
23.19692499849937
52.682221189349335
5.950460983437395
16.793952683466586
34.62636742812144
20.720309784693953
25.805883399216583
45.379403241852884
29.743709052591143
17.055118198910407
33.10666380710592
15.3776431768447
34.501214499812264
40.92051065482393
18.317489251354232
24.680397983700615
10.637771905897836
25.999229511114407
22.54491038834398
5.391902462130091
4.0196639292397265
48.455069705913814
4.896331312604374
15.639538110129095
