28.988186511483022
12.902948656588634
19.10749266768174
13.594281635517476
21.711362517750104
28.544503210340793
8.937850234800422
8.678289350288054
39.428329035308636
17.848977882310336
24.426231617901777
19.85390044845292
5.168252437862478
8.264396093601277
20.277952566958135
450.23449740899036
16.980546304024458
45.42016159396313
7.105046352979983
17.337037760865755
39.17135518827476
37.536048849721666
40.02428516714777
22.64489627556344
42.93450916303841
13.302241935469667
442.2483465529098
5.282586548480154
13.718440034954696
44.798300212899946
0.3900622208797131
17.390110785741243
25.408612563552836
35.3808017537354
24.402613024068174
9.64630520952889
37.25503853679419
52.04723211678295
40.9848123271081
21.635437031173367
15.713871396841256
13.003879444413244
15.448769189392578
33.83387111305933
49.161077272477314
11.58491425478826
