34.42742341134222
10.599240002786686
21.407081755838007
26.28363866360685
15.331413360220807
21.53477557282885
22.19600873921928
17.34187933198075
14.087217864725062
31.49340208311847
18.741704833776893
12.237805326756444
6.5902758876797805
31.01482721498435
21.3229064458656
20.972919479658117
4.567879739914048
22.98350285193075
7.6175093199900346
28.761973254597166
29.300840742169612
55.86931992087628
9.491258531516607
36.567659552816096
35.00319446851883
9.859297985185478
15.232088194792965
68.03917505912554
12.391050706058962
6.4397429457134905
8.543491041702225
8.667458355239035
45.87552941557307
21.997335532153727
10.584497401918057
95.12453136186943
2.454142594460663
13.2492226768764
5.388422783955576
30.53910523441388
35.4266288636898
34.781426256047894
20.193233332873817
10.385786142594867
27.464715113665235
18.422357725198026
51.40269273955735
6.1020432740444335
25.996868587491917
45.56286227998466
12.9334153424806
17.679376926941714
85.65185198295532
15.219572907588102
23.347164286375587
16.37664805850453
13.050948084510964
39.84049480236848
17.47767236245066
9.943004046651737
