20.201914824898637
39.90666688062558
13.528435579335024
14.860550542815005
601.4049449445104
25.659544275869735
24.946763725986386
15.632256356664087
21.85263561036382
24.89621358169559
121.59296904061438
38.48222379588604
59.60750766686078
33.99346913128261
21.10548593293524
23.89546117890913
52.00590289327329
25.806923101069273
41.00171528909266
20.906807658809257
9.696762214397296
25.243906830984812
10.57146600210109
28.006101375165912
33.65903702397364
11.857399537414011
15.261596951921959
10.452518943670228
20.217750826644334
17.69853206731142
26.243031388724305
31.69642329170263
51.40117167201248
208.2567258675942
16.78654922158674
15.224803978362829
16.27314138000891
