12.148080692513403
26.24779133328981
11.197753192776034
16.0441690800681
7.585077626393655
21.572675573291022
4.440281007988858
16.800327100486115
12.525720955420695
15.976201319809604
19.138435279527855
15.916126456025466
36.24024760200312
39.07468912029621
19.023486428669784
22.360714598409984
106.40632209800779
26.653895417502724
45.694380098777586
2.5314077653743823
11.342883180453214
21.685569432596594
61.51676617232677
58.04763972404167
33.907117168211
12.86575185053141
7.331837136228614
35.499895181965854
4.610735302566553
34.491748176757994
16.373628544243715
32.42080505937575
205.68413286701661
34.750790676546245
19.904725955088907
21.621058693398822
45.35716812066285
20.369833812103863
10.49519517246
17.760574289468195
3.7179322004377866
21.65394454270401
18.23858334625919
50.511228306682696
19.081612477925873
22.681091908854626
42.10520754207846
27.714542391948697
