38.28153466236384
60.33909972039885
15.698077745750084
10.515688861265886
55.31004212954886
24.771268995318792
53.42549138428508
17.52188797431782
49.05360361580915
2.658108977317852
40.66235127527361
24.017112522435596
7.090060288601151
37.676251482182494
14.19036192314286
9.4285919217769
32.43035585192155
31.684704462821998
50.205364219178634
53.45659344727045
42.28902943313402
38.75460545846781
29.308022531314663
28.80197863350763
63.72763071192608
12.431970324556659
33.409211993421636
27.5144971766195
36.87317900387566
13.312977300193467
15.950149970356932
28.820521114749113
17.201927476534422
45.13689104152263
12.533853317296803
19.506353485092944
13.385384045096984
78.95504904031172
30.882616716694244
20.672579834212712
56.96872928668765
19.369271608989436
68.5514373325741
39.84883732057024
26.930162566461235
11.962315215150298
40.14180302299157
9.866929422852891
16.09501017477207
21.70415215360127
13.634129666429857
38.115567149121674
41.69394249936079
16.007580328816914
