11.690923295729334
34.39701911687614
25.74212715031082
47.61753802916209
15.388335885144883
160.12028539510513
11.800103253283794
33.76566130256019
27.5404615276113
66.53342112496966
73.76935184812419
17.03028479318091
21.41173672853398
3.865863931447535
50.735551850180926
4.069896238378192
34.99012502176302
40.9775307726195
37.25458423411982
45.791982132181744
24.786193591763066
22.51099475403845
17.683520342991415
13.380346772800422
17.771039475642638
459.3142320510142
42.175005001538
82.40049840548656
50.88005700547106
61.77988360754044
23.43949189811039
30.09181146118901
