2.745986643766628
14.202939298606537
46.48696652966126
43.67281768139985
25.258331711230298
10.56482922868993
4.409691241559955
48.55623074669647
35.41189743708824
10.893767566489359
48.48028850032807
19.672391181277746
44.45379295135655
21.925835687258
15.27627044303047
10.254149863886681
13.310713697228636
64.5163083545466
28.923559520255992
13.74635355805492
50.73505294802426
20.09530341574809
17.51129427861467
54.662491835023815
323.574288755489
16.739446007527206
25.328043773416724
16.72390384134026
14.959346493298483
30.20005195986269
18.78035915569167
30.58728626875825
3.6288212453298314
20.00309724457965
39.15574332471469
6.36529900590547
8.842206596825719
16.180956056271697
17.046414728892643
57.763000876161186
28.064425023938384
43.24396284368312
61.27152570565005
62.60707735515993
32.139037745773024
12.9206840461095
29.68528421723896
15.30465960087767
11.501759219595783
6.631765006439565
27.892431362808665
454.77239579895763
34.190091837117706
13.01482685786047
26.661294241225278
31.665970346607395
18.830983284864004
441.00207991705713
32.75820330588712
18.783790982082664
10.369525555298068
