19.49291651323776
8.399438777403276
7.318255700400698
6.795300981046282
14.98077529853289
14.770555658178523
8.120917781645886
35.63848284121897
12.18921471354085
21.57406003555728
13.437436740450295
72.80733137809008
9.572402617770763
25.901283916106024
4.540159267264059
30.738131782139007
8.52457893982654
23.73009704818486
8.462161293689348
480.61259453726234
51.01409407188363
3.6770775462312315
17.439375363367077
51.089265494205506
9.381480635215297
12.991869354227589
41.78206435652665
12.95236275663001
13.687566563536294
0.49264634182205214
23.475982249748256
13.245879071594857
13.839652189788183
6.451067707124409
6.201805837911422
15.27466331200418
20.261424665946492
8.504355389630888
17.24967146352047
27.00983154931373
19.706680844201756
10.625041631801267
8.193966870103665
49.02147401798058
13.289924522542108
10.45461187312668
8.974901365285476
6.706902251788122
17.879340471192435
35.777311603940646
17.231342166222632
34.272652644649725
20.60058871523367
18.2909895278502
68.13599694816133
22.272456869130394
477.7842026829937
38.39989939255945
17.53972520886626
10.872554562802492
9.456453545095684
17.28433678672016
47.89762146376967
5.678197778119809
11.351367426005481
20.935797167328502
12.037895288916829
16.62718309101085
30.29393603847808
23.477269225177253
10.377999191582177
