10.346238773702353
15.145538403698126
17.923849715343835
23.710849931307095
16.775272081577512
58.86308894270421
46.86840684961821
31.718550047995762
7.419406505745059
18.934826514887888
20.543558467911495
12.807451308512555
15.874085276372682
22.915269959440252
5.945585300634519
25.00467212356969
8.184133284510636
24.89851315516944
24.75657098309246
51.93729648440389
45.39585635105291
44.694120210146636
19.986217224649224
21.342127152092004
28.057542367864713
14.149106931227408
9.974643767879158
17.307828177114942
10.479382116398114
14.774279580106935
28.907312699900075
10.619680648626655
22.422753797151685
27.67341072643036
14.449999442389611
29.200427754047297
17.16312946384295
31.786294000550427
33.83529265224395
15.318423767119071
33.509745898930134
10.94744681333195
20.498670162030493
20.83082547406687
28.62874407933606
8.306283257450332
11.18459329616904
63.56727587406945
13.758826576260148
21.909898119421328
6.19853184087502
49.37445145323312
25.30003162703744
10.964846294358097
14.907523504969461
13.806895315829422
59.443679110756705
34.98556023175803
17.33114878146202
9.859471343555327
