22.07417634257685
6.968336229733538
29.601224934246304
15.52010774740613
19.360270405873294
10.457233148639958
14.014330231632371
1.258508485171106
22.357153873946316
18.73517674014431
10.474240946413147
32.021916581378335
52.24758478955505
38.77040086836716
13.355277768433723
9.010214862226064
14.918574393455401
25.141792899246227
24.726542799753418
67.24444406867565
12.976628489241762
5.834906802350446
8.585529646600236
8.448692404659568
47.94469056089696
14.888597994244236
18.393045428941377
34.78545605836773
16.21443754831995
6.665888755782163
38.29742174343535
18.52853436060886
25.111235539300154
11.498464969384258
4.7178299704896745
30.29910329308352
11.142829401980478
46.063911150321104
23.75642836780527
23.414243114020522
26.278151275459877
18.530787851256264
20.661426590686432
278.9591176505951
12.832217668093563
13.470445100209943
15.76392839791194
16.314396071425605
48.82549432557863
35.316750164665976
3.8804364551531165
22.567281662750673
42.867093130187556
25.347480110857603
