18.865562181040616
17.345871508039977
4.670445838901941
14.938342953362849
28.978945491202026
39.58367982750333
10.559784871464672
15.1795843209689
81.55933930856527
3.0957026972661055
16.2388987159639
37.56282529335101
50.39191054936411
42.83684515463435
9.54959322554977
63.33607770946281
34.19961863560178
23.20914808719749
10.974347691329683
14.048064117523523
45.81945316615335
63.67702578921478
20.907703007311653
23.54347408969886
81.75947958609254
12.255786987473925
31.061154811251214
17.744870180019902
6.177804675240878
