11.681242469436057
49.17157826994634
30.914476243058516
23.462302699989053
20.994582375762334
57.11511184714833
14.829150234415835
1.0166699644069723
108.97347641686446
21.895593133687058
30.869594691441606
33.04604262511435
57.680716014693246
20.490868530675044
17.15006020523373
10.800012000503472
17.878331453289036
67.60070163375931
24.55176642833385
19.464170423050547
37.21546753684882
20.445300722118134
18.635464574053017
19.628914198455064
9.786280629663153
14.7508834466866
17.448894994226066
