20.88150942965997
26.085895534544832
6.498572620213977
25.679347403377776
52.89614818070457
15.26281026421006
14.243227734915251
21.342035367736784
53.883513692147574
48.378935246302134
23.307714558219814
20.2968186251764
15.727134722095045
411.96889675489615
41.63512512016928
21.842531504618933
24.365709931595646
29.746805483742264
27.33773507693327
11.363392643231478
33.622831305135676
36.11250414954303
18.01672891957783
25.383466957771077
9.403341016562166
43.18777106908948
42.144059921549
57.31502636043783
20.93517741038771
32.060814748188264
0.0
26.118353733782527
11.773919032337247
33.5070227063693
0.43775778857637704
41.199616766546455
5.450400079801696
