6.8889269678395095
20.875464614926713
24.973995067907595
5.0050970206233245
14.89275207228512
7.6368460987157505
60.54303295783761
27.738606927049148
17.972749754317533
7.7290918519464356
17.563573571156155
41.3813909449801
46.330940021210964
37.237985806739346
2.457593501447718
17.285786243743047
13.835550531407904
35.085116914974975
57.328295197927446
4.571415620457373
38.0547186671877
20.666502097226612
54.57007300067292
17.45112317197686
11.379421156295763
17.174040762545815
31.62587491997641
57.2419880444596
43.15734407952954
14.80041378669928
15.487012897799161
22.92116043972115
9.310637150707365
31.793935897101377
13.458692026329857
2.201290211430546
81.22126071334752
45.76638916178169
29.70516285454012
28.096738884488303
90.78910767812016
22.801955286325423
3.785388584937806
30.402584813115425
31.10676031534527
19.847078401330407
92.29686233625807
10.573233195276075
19.152245687944273
31.427989017375978
31.035588610811203
18.25029512678239
76.23463480154165
24.81707544568539
13.51211987429727
31.527800056573113
30.549242990128946
35.4064995871191
581.613874956982
18.353759975901184
34.0816270759731
36.207479076395785
23.150881079763522
10.734600289664584
15.900978837512397
32.13622108642623
