15.023068639564926
8.722644861116635
13.150869864925866
17.382526630813913
42.87921814368622
33.359722557119596
58.9864414168364
31.311754743629933
8.952828301860833
1.990730736420815
19.115879494288663
3.9120727188476536
41.99647721947919
430.16555137657883
43.84183570096603
11.749852918312257
10.386743745004651
61.29646144454992
362.05935312684204
41.91441375641891
17.086439209786803
27.320234803143705
17.29857511866227
69.05966682937043
15.978767654900167
30.742702396120933
8.563588842003838
40.86859584032764
31.752849251041056
11.191759362605879
43.6786532840449
7.780789595709166
46.91611788970111
24.24641245152165
21.828801070785076
1.5787151855517152
51.751250140249894
8.544106816055702
