18.15308028938621
28.918862638139004
8.531671074668594
54.97550526947488
11.437361173346346
9.23286747280163
53.153592757814366
13.191458498740786
11.122202653381976
8.522815730061524
58.58640657580064
7.497021330635761
43.456848158474315
14.180650088914291
16.014642195100762
395.9465989506209
20.510453901057062
60.62876711351679
21.59283167047917
60.23595105366731
59.48401415914593
39.49455023943473
8.284508172190684
18.08987877389609
8.278496793679096
48.17145288611157
17.359069780053773
23.228314089996957
27.463595199418663
12.816621542847003
22.623872756483664
46.09407018467928
29.381276746251473
41.3135433061083
223.77469560744268
7.715262011400753
29.056545924417733
32.12399385745189
44.25155955404435
84.4203114545757
13.353529131387901
35.125104529354346
2.0177998259035235
19.87106794770881
17.86064519914578
64.13623296513421
49.30143706738623
9.23186275891787
25.740361889536985
37.32497948571989
34.89427805061777
21.127952131338702
29.977835218589448
18.633936035441238
29.710250100568842
16.051272030159453
45.02581007084463
23.381342222758718
11.986805089661516
34.97402731277717
53.385432008903464
53.59189412406697
63.7520861401224
53.69937374991261
16.314747911240985
30.824250168067366
47.566030517397564
18.567173336934843
41.00503242210034
292.91498468932707
48.482955831158336
27.820285926140514
25.827059750527965
43.276166828508096
9.286621605134997
19.034636265131425
16.579456543661394
