42.63593759904134
7.5507964603402655
42.52539743420428
34.77618146543507
12.78324806957248
60.274816397909845
10.277300832463524
5.7186187412279565
17.67436205089912
23.25417957435988
35.13682389098307
73.1633708891896
11.091350183128569
55.65688068960857
8.359644791644214
53.011715736256875
35.98810364642898
0.9102481200679478
30.76742435855661
12.306321376691443
84.12696401904505
17.177857595162763
49.2033246609293
18.120306907315197
61.911559019728486
11.986032344077472
45.088407434956125
11.27598194780927
11.652307611945105
42.72206745079727
17.964616854721868
23.804625021748308
67.1160652813179
59.292469643115524
55.41081456218268
62.89859954675278
36.363041781196785
12.765426824814924
31.59956517337139
44.97160940426227
75.19560971143879
30.640712328643986
7.0586017032974695
45.60815357055053
90.53074471094843
57.113814873630744
36.86522800779073
44.67485716171872
22.16697260036642
64.34225461429988
52.11682342487539
31.192678508508166
6.626708001069005
35.28488127194244
33.254695675650794
43.96353984030614
31.90192581516915
7.464476943892834
42.2004821013024
22.174295310304814
29.264414442648388
60.67313439863216
8.927577941755374
49.54814990466278
48.69200042809311
