29.47653048023001
47.33563378027624
39.014691394068194
33.34281036574333
19.270764464511387
18.04978496912433
21.182728023214665
9.150130636392333
2.134922359541548
29.70234175002011
25.700348377186174
48.03765373356623
73.13968634271953
43.22969408529329
20.92523526615254
33.26407265974571
4.9017124654609745
68.8664651035937
7.537160953389645
17.591293369138583
19.853211337953496
101.03255411586107
25.614302599701176
63.4934139557529
39.95265397208813
3.7683458338662206
39.18263509467418
9.238692947114657
28.28613595879264
4.7684927516280595
60.53250852775649
30.676356557757032
55.57840122567869
13.534762680309811
263.1627667082
7.893077079944845
15.831061245576592
35.28475204489908
9.882705299638133
38.62374626855319
62.71261886857016
45.98561541829021
9.76025386501476
45.07113057784409
41.92376763107346
7.5809791596606715
63.46896526955804
17.183789413577188
17.67191232171828
62.01779330929952
10.073816886353583
12.01473157492039
