12.234364636285264
52.47478432065738
38.39776219438852
39.294331589859524
43.53171064996995
26.900254707060398
14.84253737814501
35.618846516620025
30.806866015651266
57.42045385010617
53.216312878059696
395.89592832659577
13.5807857959243
48.04328272419151
15.197889316471645
11.980600019558864
16.029756371360676
94.8780780599373
12.899657248461722
34.143227845370546
56.75676915660793
3.501957463804956
48.42655465857895
67.21164105996766
11.124592110245203
53.188191362008766
30.278828890728363
40.89872782529491
34.277150749258084
