15.038190077293834
135.35347197812973
7.935717070505277
11.577681845477201
46.00700745155876
117.56856170084723
6.351359852368347
27.797604418557782
16.974481478794885
94.5704333094622
14.179453749784486
26.837634523868644
16.529227425706623
28.35529589327419
0.6823551997474482
16.250595233031447
26.944053219163393
23.24956141411775
30.801330165398667
25.543046749023006
205.1480593112137
6.610796938236405
7.593847350792387
20.26291599474058
39.95360654628713
7.823352185365707
19.562802129276918
