7.204542280233397
19.55842160415041
73.81014534387222
5.40072846295206
74.77694310839283
10.038887721598854
74.55878814197165
472.0366273346018
14.362096612772632
34.59209759458615
20.63658885830398
47.96863748985717
22.075876015612778
44.05285662683856
16.08250169607892
18.522052115358832
18.42430214341897
27.704799482566216
10.701898931224974
3.8955161648099192
498.3162595428269
13.311901745444032
20.18740382088008
29.81922309025346
54.05206074722257
38.97067323802712
34.32659323186104
8.135245737143663
12.73196587188825
43.96484593164662
26.720909840961752
17.251746580479733
8.034943813143087
23.381290551457866
5.757549894550863
25.959145537156814
27.034486832316063
22.423964618650743
57.18648194352323
42.42090075101275
17.89093579044227
