82.21262432218123
22.830756749825554
33.88499856142492
24.833057699107172
6.605460713126092
12.43033086918949
25.801260956533994
17.149212713793517
18.582835736443187
12.78108707299792
38.317115048591816
12.556396469056281
66.07839319649024
3.146602336986348
66.80023882012652
6.369519245378086
48.54538849439834
38.58002680494434
33.09103692772274
39.6662295374868
7.037782210725396
23.806215838807617
32.40053414737068
11.098988874810246
43.745189121092096
56.53320517423833
22.4976782332279
47.719655320668465
33.22039812342382
46.232078333185314
37.17961301608268
19.30851702625229
22.282443034749733
42.71308471122801
10.495111947420128
19.34599209163963
16.36840060757757
7.483526548817849
21.451305490905895
1.668197852528806
54.01482181733594
33.9161640465765
22.643716986984117
20.58029010080982
6.26577256477799
8.839562192794716
55.62596641791259
15.252439356592063
49.09947097624513
23.66658066711868
51.24677422106072
8.57159705290907
53.94118495209918
15.955309549112513
