82.89722882207755
77.26809533142698
10.811189173476237
18.15824123035786
12.741895529193187
62.074947664477605
11.426853300112782
30.18668230323179
33.666951214084406
13.01857339696268
11.10554840409921
81.32384419812173
48.30136439395437
13.532352273447756
14.058111823481696
37.006835518403605
22.540724289970086
30.781618020894953
34.29421865242887
54.20006588980824
76.11885671894987
27.50408670107224
26.566743749791158
18.101436976687367
23.628795829186416
14.090538231717161
11.875194526974596
31.924919444794398
34.34641330563265
13.984344201998226
42.247058086775866
13.41396050624168
