28.268458948151917
17.350301254494056
11.7463674055099
23.488625919874323
23.193814806137112
15.027877385008424
10.907821614843058
28.747100820813415
18.94208903370574
6.90902454149456
11.322443322295868
11.379101025598771
26.386856372595062
25.84362266325357
30.403920471980527
22.44641328582115
8.06292315887562
12.924389018729443
29.995102711794658
11.74657455539537
10.905087745533407
29.818753404459784
8.079617626806183
16.831310318496747
13.004318417219551
20.124603250295436
18.834526158580175
15.991454654620483
15.334243312530901
29.699206995138226
17.22232455652309
29.623608245365546
8.693754707200725
16.11702949052075
23.969707263370495
14.225223701417406
23.220363005829626
1.9608800035618827
6.531869097632537
17.276278536030418
445.33369756794
28.698577024677775
60.06368859961171
