62.4214513791603
14.782481100799146
53.56492859175782
4.281236544053314
21.04924767642882
16.11388590689279
2.0975905873230687
23.207877408429056
49.2281894813711
9.191119068205865
18.94824989656773
13.684231569454255
19.33507835070735
34.558144851882915
20.886824119987168
35.85774518052557
327.0737241317246
33.169469557113985
5.280627431139067
7.991404496170162
25.002265702754684
36.07130113968503
21.7139655456984
43.96566155765427
20.187291281702343
33.92143829929991
9.753662433807762
8.254976390336807
232.32671600471227
10.618160730974381
30.723714997006468
19.28129141329518
37.67087581884668
18.641730958561254
559.3489331582551
2.60766199248836
35.79235981134448
42.539022201948384
22.602147437391537
17.87066348889671
