38.60529412760239
38.85133312940994
51.02242086441137
15.529195183856942
35.80282616792968
13.307475697563248
9.77176321347585
7.645424958561421
2.5261131561082237
70.30545184695974
17.09960253992601
64.39644213395765
31.362956219832427
36.15921112109369
58.31334761756722
14.293988358766896
52.47969890837102
21.958589567924022
35.54755759059228
46.4224623574964
1.7072455948017762
19.199076376012542
10.77418803158713
4.902316855460583
38.55396893874955
16.02531327426253
12.442365372775058
2.1314978948702645
6.669078926754523
23.32214760177007
27.481628849125272
18.88384910604283
34.87328553793489
23.714955746791816
4.183750339345963
130.22723314356904
20.258995439842906
16.64149414957228
19.742151044725816
17.235900248099966
65.42187550908989
22.17973565962508
