22.4027121056003
51.01091960160848
34.32144333981435
45.89922632707648
15.107256724285449
26.107707846581775
88.18973138411762
54.55875012989662
29.152370266405498
4.950690551863914
14.29035572356996
13.294898825283354
11.986417090857373
20.575205058201092
13.179801077256428
44.39672315005936
4.430590360751538
1.769257116523974
40.357765292587786
7.0822077818873765
44.36746484987654
6.747804591258813
45.86384738834862
14.095391240228594
74.69854263760372
51.147260054882125
50.16677559326992
16.61393929482621
3.870821452249814
48.32514800497543
61.570556755842844
502.52319505876983
62.62733210870154
