49.40547267964081
4.300397972392673
10.060144608515671
38.0563183210255
14.76702024719421
36.83566023630999
25.661335590389257
67.01896431411164
15.29463340959741
44.78365281812148
55.6917678655966
471.4247566249715
13.34199755043808
38.19661827914523
12.395129574006916
27.294913938326744
22.473381475378403
43.755801082358616
17.05783869912365
8.956632656197087
11.800519442393764
21.864783194230043
28.064797568488444
18.131167651209466
3.2340848212713382
36.960353115834664
68.13501706173142
19.054150236777673
20.531168405420914
