26.197118422486568
48.326990038337726
14.080152977862909
8.287669588092115
432.05109147577394
1.5752126779864142
14.619023919857199
1.2119880439820037
47.862525552910526
25.52994798163033
41.896578531347416
17.602807663907285
19.653532073354
29.300957267738156
17.133049547133623
17.73097694974851
19.947364032199246
4.893081188542368
15.793153583034709
39.747103791090325
31.551606962196786
43.18649641406721
24.282622498666356
9.943679489285046
51.02909161277293
36.26124377818529
32.03379430283975
19.496535533738097
3.932498089721662
40.18174131449334
3.529180128399446
21.416758407696847
41.822230304423144
22.612248963385966
41.16951359384471
0.0
12.383643484940606
15.999922777463183
44.23296195300345
24.43674724276171
6.673137817342621
48.11675724453559
71.70121705664394
21.572173150223747
18.780433636946952
