10.465495903445273
11.647751065973267
22.461736902584093
40.598101099815665
52.994298487500245
6.6077736963270866
7.251350685863628
41.17435667624959
15.583632861669287
44.13941577775152
15.274625839578249
3.925143122654987
14.907250073333415
14.477239150718816
12.929057322618647
54.46634583779132
8.721570432132381
69.0332838274335
43.986439666451446
27.368261754439587
24.13124451960438
17.042240616344927
28.34033939944993
74.41778074974435
26.594411056442965
36.2432469754182
25.37904929823094
2.123067822698374
124.13808432464853
9.130794128674225
9.13370117437863
39.28227346157047
10.428347057558
18.13316505154964
24.94081912043167
16.565118199030152
26.68453823849218
21.766464237599692
52.71350729497827
5.950889595985927
5.466267045197526
8.70214414187349
2.2221143219378376
66.89126527384202
5.015449280338714
50.35421580687661
9.153296923443577
14.539949677130721
21.929918069082078
10.121773204624859
41.10835328465285
10.510785160466867
10.371642464781885
