6.065559121253713
57.19961774987135
13.745400662898376
29.09668428326711
79.69473943319692
25.788763618960445
44.60924069588515
18.362621148825397
53.90602903467652
45.03485298840545
311.40678200752996
10.932920574521532
43.66379271017213
14.762517589227883
20.534831304544696
54.42057974806829
21.011434392111084
8.05289277561755
12.193323612975973
49.636596028723815
7.62312063853706
10.042349156403091
38.94652694504656
28.01244485812758
19.877417182860853
22.337411915336517
58.09895054023369
19.747616850724555
18.407313555476833
40.75297839819524
24.64653165453494
11.316136042622986
0.5903157299818531
26.220792695496527
468.3021887044518
43.09799090984994
5.351484721857787
5.66922383887227
30.68069350102604
