27.689149313695793
42.66686209121791
1.6384677505211585
26.370218767829613
7.952021943573584
33.3871492765592
29.077294847951862
29.13253065020939
15.074211359021689
83.28113546584652
57.58645649410845
57.59652498519819
32.26253932778036
19.66957982010689
62.662320583192354
38.5343858893842
4.865492819811379
17.980535770829505
37.2530678314733
21.1144670515052
88.02996927122715
31.867409737647094
30.576151866067136
37.366330065777646
8.774968145135801
60.11346619618493
6.6203196864549625
13.220003352522738
57.84392873656623
4.022024744984748
26.649138203163417
3.683439578563508
30.087002831538683
29.338686453051423
6.8027694022468665
7.024653810344404
13.406370530825214
45.48043922531109
23.703606269136856
8.68934243620103
9.847924741854143
34.62304442260199
5.630319342786379
42.059740591833474
17.58168258072554
22.648114866647205
430.99430826885254
19.482334807394466
