10.252591965969685
67.2932161786654
8.246945984867551
12.070396836675414
37.73440071279518
20.498906610709938
27.021484790793707
30.148551235634514
24.42691984641837
43.480591072935894
29.557118849457922
44.89732198455077
50.07281844904357
51.670456701362525
5.623213170116927
45.75302680713257
462.0215553453284
17.36816181105327
44.9061894810189
12.138249302518489
22.5295379477634
307.76314906328133
49.36059704539596
10.314799168114348
17.839737142170918
24.66362229582768
10.958836467758317
11.310311948627955
