9.483574325697376
60.37421487835631
11.992316861744882
20.989150711355265
51.2996818683844
30.413714938755476
41.74268039339306
37.5656182756518
28.542840948423574
27.78564909129436
15.617795231429042
17.30018411669745
19.51333056344204
16.352653046282327
18.949807932265244
36.759472079208805
12.706625089816129
18.2797765083605
1.36839361814026
14.884395753310159
45.11599159650213
90.94426567778997
28.74392372983715
23.62666158776217
10.513102757591625
59.91118297554762
21.77252757672825
13.949604705861915
14.547569639626815
17.119023257130834
119.30364594648348
17.55003723312271
19.251660026532022
6.040053716806668
58.84867778161873
9.89163493624882
43.77255665086933
23.165379852738326
2.226583625671779
