30.28732884149389
46.09397845674802
14.175473011473926
16.908498006958126
11.626487465205656
6.602170461636263
38.46083452344163
7.666659831359141
15.634701283837515
28.819522452143104
47.91646534502448
11.220638010530564
9.374200839076806
11.076415491026737
8.566864026506323
35.35434540252504
12.041684742604716
30.760241341944933
12.624234252215686
33.38312340858545
26.98919804494406
19.707942771897223
16.688533142609344
62.97231783377167
35.52088638245874
23.66732329395552
29.799388746055286
8.753112088680012
7.161563917030435
5.653280685423269
13.365281802607385
14.410994742804192
4.0312155673044
12.789738107303393
0.6685089458273836
17.76777372860252
33.28665161227079
8.142026079819686
11.609894566935267
10.344779839462973
19.806634165593806
0.23779024571368268
11.045736143419361
47.38052451879804
42.047923157692765
23.071074538456855
13.806676872924612
27.938434709039498
6.065125222207826
36.79972858437671
46.73287962923007
2.2665020145938684
1.5239236323943146
4.677218509801222
10.77158960110205
10.114138678890654
6.66376005811226
15.078505042965645
38.00759111520712
40.886726238799795
