12.20790414887908
9.888706265483862
12.377025806111874
57.82948186075323
32.450040485091336
19.36373019594886
68.44960219678724
443.35942745597873
14.87679702917508
37.21228198414276
7.5509401612988825
36.59839617872805
11.579303584813687
10.798704314587226
27.57204113320138
51.75818879052214
23.237613557816744
1.6611916377542144
23.565945763816927
58.02322945665519
24.09699116475369
20.843165150633098
6.12609706151521
12.91917714502253
5.309279057347027
10.48990963614645
14.88362385630937
6.734687029341217
10.158883833165618
66.27871992173213
73.83421958388809
24.42436141143277
7.920264735513129
8.911402920053717
1.4525575052645365
38.22532177170028
14.833436458028103
49.860673309025955
1.4761486023153907
24.21416729976484
3.1370224284922017
4.394970119121012
75.14755544546202
7.253431704540802
11.365650118362367
13.587933348266859
6.063106198177678
18.502129358480204
20.91627929461474
24.985796925547604
46.56997952683035
23.30484099943527
17.535114064314328
9.975317723420929
