44.33059205878399
12.11608046918127
24.02230919789332
29.6946044372402
23.437717374514747
23.6314173596176
21.57118282758512
22.440527301625366
22.072936273508247
31.68633690527473
24.085237299594908
14.26123366427214
9.00753505719635
33.53749613568547
29.82289848617893
20.414172231286614
4.263707476214336
25.15859776926098
10.947475779462735
36.46611789832326
31.89807822041709
55.81935256646135
9.33547869762954
43.523459713823144
74.21968489557595
11.867067400184112
13.792114288647696
65.93108322085405
13.1297018551453
7.914706659960871
18.66163752009132
8.667458355239035
46.811128956201784
23.966029597640514
13.348104711821122
92.10547004569094
2.865528646532681
14.380272387585705
8.579310329037554
34.10720908443683
35.64619332779603
34.55468739333999
21.779360126399425
15.894140398668569
27.464715113665235
21.946264062780003
60.67894621790748
7.450214579071002
25.524590547906513
45.49300661869553
14.501566176732268
28.402338580706086
72.72091764786788
14.998942076121835
25.868185624886067
15.906697037531629
13.767548738984402
39.727257638601046
20.346272890477792
13.960317903021618
