19.367851645023634
16.383753667199187
70.13336913538944
43.39797769059186
44.13039472034215
15.31240296689269
33.438230099469905
20.927307494687852
21.973233174876952
9.959050189979578
15.19640047597683
42.82606193542591
10.84064569437146
22.91500775262392
15.061132060653932
11.898536407174461
20.99732245684882
45.69764790356318
10.781818353544594
15.349879549148966
514.7395903871694
11.876840728020085
54.482496062977674
30.694298261468944
15.946542564374994
9.233210150978124
26.1051153349253
15.290994647431745
40.304786072635494
7.31865092281754
49.856482193447135
56.196260156648506
55.068118214741645
12.04742147695194
24.921100121532547
9.571988503443265
15.265322764848875
28.27543109455246
31.73909292745458
83.00178328629501
18.107936129848497
33.735580696432976
17.46052791887513
16.240332028260724
22.21780714103872
15.862724553156696
45.73493884935482
16.89373978246168
41.76144869996274
40.720522600083186
6.549923722125925
11.809646107938875
58.352097148555245
22.847188821243776
39.35394683106753
14.112554163841907
74.45816862118097
49.98129693849539
20.34137389453234
28.774682302765626
27.03911433339843
6.545593078316173
40.113739761946604
43.80005790777258
57.361767883944665
27.578710946233045
39.71505300409635
56.49365879187691
15.00485290124189
32.790223762438515
