33.29724161781151
11.91771994282567
17.678608014653946
9.827593597969795
10.711491988325264
13.572267369449975
1.886377327328944
57.68629470040345
21.45417249835738
7.506525176086555
12.961416924097733
10.02081513349583
48.2553391840067
43.96778779666735
4.905325889610481
23.092563493609333
6.338261147648694
8.899234321540334
4.914472382307366
5.076079768418907
37.067751916253144
21.940543861726667
22.012532674140715
6.231287893299168
212.12301867945712
36.33773328395533
33.68384442339348
26.116937452362748
7.359388678698821
27.783679925813487
19.122972588064158
4.2267927178013025
31.913092542017765
7.298419314461626
7.487692286305347
78.82039421985841
7.982093934866242
32.80581847421416
29.299025843150943
22.883478161194446
31.102261814744338
31.193230357194835
13.739257828513118
