14.805674132695529
34.97658256466973
3.161442125334247
45.090859139161324
37.46719137312283
24.65763560352906
15.882045482912702
24.063771497494656
8.020679228363178
10.937552943405649
21.647777773766308
5.869071117934993
21.15151608335904
14.86172006457437
22.777674057017023
6.802001173757276
26.046769075640228
56.61810645878202
61.906448967566064
29.201968037692055
15.88449795200593
38.83586773035226
44.409742579969105
16.50071550029567
15.33727279564242
26.369842837007496
62.9589963699277
35.65512306281303
58.886661361675664
2.468205253197951
4.519451485429514
13.325872066809382
470.87028530574975
32.339176445906816
28.067419036637858
20.841074421472342
13.66144297426196
