18.140463992886453
17.762956411594715
12.038852666154327
13.615316510579703
68.15107096576625
22.147258130311613
23.434803828188876
13.887838852538835
17.515753913093008
54.66106129919363
19.671265493640306
30.976082546014467
3.8690125819234
22.04183335398494
23.22407297516571
35.567114973780306
19.321718356331203
18.086282240487492
52.527103149873284
12.354269935406904
22.76390547508464
9.919073102841622
39.80442412260945
19.4315783392543
21.657688419897
11.978642057695936
47.64409608695155
33.978029168335524
11.018296714525363
10.905027888153938
44.86745852127632
58.67848474538327
29.68425236322942
31.352725799816824
30.644462936881652
35.68823307156238
28.92260105626535
10.22144163560165
15.060808083329306
31.24228796414623
