15.309613571163908
29.27457403536073
8.318339373658972
26.51308907828205
26.399588053120567
5.842291444350778
17.60872150084903
19.961851832668415
39.45119824133583
13.011159203989322
17.57877897676967
47.3138048367438
11.74599894588448
17.87900712932702
15.857280946982684
70.47098457010898
15.731574801138095
22.088408510857107
34.46281818756525
15.946987124228329
44.51381308958537
28.03712064860133
39.1076070880397
18.41957257063615
20.88093841495366
21.987449080971544
25.76517390864747
58.12718774291886
