38.43545345359057
14.620760810543828
6.006431666017448
16.023885577284673
30.617945241709577
17.150863597299605
4.97966594435178
41.52507823980039
27.1382138725709
32.559727130305404
24.40329685137573
19.86496589103085
13.929767014321982
31.001229050740875
12.609473319653901
25.81044379741043
17.965899181874576
58.82289996982283
10.725356385083387
10.953926533555318
37.10316999617223
8.959361658963076
25.619522204925858
18.751076709248053
11.021507342965123
46.516820709435365
5.150366942581272
26.8717676564641
10.271737413414002
15.208178549650057
117.15923541597428
25.96203186812822
20.41392006497415
18.685707345195596
11.23451514968832
18.654925440880845
21.62544725950673
46.930137574701035
18.311120395902776
69.42640878971696
22.850393481144565
7.530897189045632
18.4960205154934
