0.954665787584716
36.157734235786606
11.552287516109104
40.55000490017099
15.49218668684287
19.279371511842
5.327132992028041
394.67116467546214
18.548916288084058
12.314048632792733
38.323993758900585
50.70752909554031
61.77669815344619
11.222596482024912
17.92555769070094
11.172084930453039
8.980889412852406
10.540123283402338
10.595388190124993
12.458918099274086
11.374148716823186
57.683412885134004
6.937847460208744
16.434427907944283
26.19659811430853
15.033170693341475
25.66041598670334
2.858167576530221
13.276035707564802
46.54772084475668
10.681536986124385
600.9908105035329
13.810783075279929
26.302385109353693
14.593532817728033
9.09992019993959
13.562370770254162
22.30332141072445
17.852760295631768
25.78371999061541
30.122385296435894
39.532676741506705
10.826900709061306
3.1684571955940157
10.565162491974277
14.97021443913843
10.679598108385747
13.243783719249194
3.6262259849376335
71.03943204206678
17.341217767528093
5.219515300395813
13.65614657686713
28.236302882959947
31.189079172426318
11.592044408200906
11.819726126957278
30.573829339653955
23.33506021876684
15.249788747114962
8.760117392866732
16.882469094481067
35.436685012196094
43.19617018766928
