55.04724562256115
44.060026874519394
2.714049594586754
64.2826455775154
9.894966928258327
4.975704403821226
27.98683129128125
22.341825466463902
1.57479103573354
16.01722647306366
19.149995116920508
8.017415585156598
24.261151331544127
13.996223233026342
24.344655111036687
52.82737493154508
41.204484369808696
3.5076751081016653
44.238546990843986
32.2842232256113
8.516613967680769
597.9567141882983
39.678434803124546
15.35596213798928
45.32091851851743
20.33032829755294
0.3721687425181699
52.729266551792875
