35.25182167330554
27.748815905766264
6.0154440810427445
46.38104694383814
19.270085797528637
25.779474517666117
17.862089434080332
9.090340055472865
40.559065093303744
22.360499971561765
40.8510399155231
13.09502801897004
30.868852049837585
28.7403033237009
9.957258945284693
19.58648252203868
13.896350927802146
6.516849819132602
48.60828610029769
17.630633578869976
11.358891578706846
46.03236739483606
28.778477044094387
4.038529221633183
49.952582752109365
408.95525017755256
26.65469105625091
36.31707070133929
74.56607699030035
31.605028588907885
9.135422614721705
29.600908939822673
2.106728412966845
6.464856376601958
50.320646240747664
35.9945028419382
8.32326578263212
35.465427041712246
3.5437400097631127
45.85916496453147
26.350158059576728
26.86386224212214
11.913366284819645
53.70456640805179
1.9846543505095013
