80.64725035563193
20.63718192390681
25.001380388347854
8.370789661975678
36.28931603005421
9.313142513547106
51.00485380669342
4.691102264891299
15.380181526848176
8.666243464471762
53.933126231801666
26.28757239098212
20.2852890240368
14.35009221236568
27.633064750671878
14.281903074117864
28.728097595859268
10.086683544910912
16.175603594621208
17.319775615452826
14.43168549984091
54.07579257863924
25.960949129802202
23.308590600684767
39.16449719713867
45.801545028842185
62.75166737964314
55.02724065479994
39.00196703601418
384.98390344359734
7.580486296498108
23.87004886842989
8.232105993999824
20.560883598718505
20.576110379166238
17.707764472341182
54.45490864435217
65.57637448907087
15.066247503137106
9.586441367928643
18.343599331137654
1.4895332860482142
46.646992947851246
0.0
