34.79497267157255
29.236387488633568
38.781186666041705
16.979999782567972
30.37485800550148
38.29686626571261
13.685447385072806
8.033861136320283
10.469322415146237
6.494407875413771
29.85064186239181
53.38855364322677
19.023330890192057
23.245909084141616
50.78348578063154
37.781365657730404
8.900200563041238
17.01082712798376
15.336357469481399
23.490789958191
59.77919605088485
9.710200262730126
4.899393152244443
43.44722557245508
20.633477334543045
15.982226486659656
23.35970121830144
34.02290499659192
36.397416910346735
5.482112432766371
12.276937350814563
57.54492065258562
8.750868894387352
13.983866256775684
12.300396111302263
14.060121715231261
95.14335597575638
39.55952158602936
14.992080147842017
