23.173441969570348
43.09301095120307
32.87418313817297
29.519032022526517
25.72217825000442
25.010023449139197
19.653771961550646
18.171174067938296
9.640370728131828
65.89404950058167
42.25735231494214
442.69736264560635
13.783013820747868
54.306200031220754
447.6246143433642
34.02416327499246
34.43865050131623
15.456704875355712
24.858892072139952
5.14593446497544
494.8745751615831
8.621302921409765
35.223937669626
24.51077624530039
26.756765870064385
17.552224114104234
48.892568523775054
408.8751941212879
4.05013550572987
48.6147244353009
52.11225251149155
7.494631947063638
