43.34631542949634
16.71940129159229
31.377313478701083
20.13632785287726
13.747647902768449
17.652380385675556
59.762508222786806
52.77483557081199
54.26228986524218
35.92926592693253
60.795116527716914
22.756507861701593
31.96821388491837
29.366335309838718
63.006393894421876
30.33466720375675
36.504553196126864
15.806992609131598
9.586153024561241
7.069901822120201
76.78315853416612
7.99451866644651
43.10494989412638
20.25849866677072
40.56434568838151
429.01474019570816
29.22156962931902
14.505438857527437
35.40796302162521
22.608884812583653
37.73110157314302
18.815938140249955
17.38260199641263
66.13443890739978
74.17316443780084
27.93586536753304
10.154621522891858
30.53225874520902
3.0410987464980366
26.765211482028775
7.30866749565682
7.644245098158322
36.12622049149991
63.826386956546386
12.571803894528557
5.159886695711947
