27.84658953147371
64.09269012260768
13.96863766641458
26.889258793788542
49.085134309925095
8.353736703508687
3.8296671083397484
56.50275058619896
9.346839060253458
32.709912144645
17.868158456781487
24.283171412689796
23.068530580225243
37.044388239048246
9.667005581710328
31.698076334930946
54.40341413041966
16.235100624728872
12.340434390403942
19.94600126266603
14.944741270970653
30.072832532520565
18.712825710767547
6.905983741394365
67.4336978964763
13.56866175143152
57.01494760182827
15.710437539462902
33.14811231609592
26.072060306567877
16.15513963263969
10.269756555118533
381.0510196116602
47.481639615868886
25.70149946909129
32.59062174014697
64.03165215378273
48.93902694728047
18.96266476722866
15.438803355216422
2.8108956308677335
