3.898763849850752
36.552935694708495
25.184948346170273
18.26755564107262
63.12053451372735
11.069466425450116
23.6535984185863
14.005274936948695
19.0738281773273
29.85592730365026
43.01537919146797
58.24977843532034
75.30349988851177
9.184746002033407
28.318392304832088
20.693939874372177
6.790269668541072
7.623126934501272
27.499370123062548
12.473436588181158
55.67281680152894
46.936051594129495
34.52916140662634
29.558560808977077
11.228776373273377
38.149670836421876
34.70660681694662
27.51482867942248
13.322984010105813
5.006384224745759
4.391247997898688
14.9071290022774
3.4212704369663953
20.38431693135567
11.75118672001527
18.73429173293519
