13.886995803121792
16.702188957457153
27.943662968304267
21.3412083968106
11.075382044077827
38.37258059779461
34.120308486467096
5.355148770525105
9.890969738595686
14.190205463271084
27.657348982397693
16.31693578084466
10.640621796406123
20.758657686465952
8.71851231462334
13.627778034494938
3.097813539633833
6.069863039695633
6.00495305893881
42.81495853546548
20.482439134515744
9.4700672228348
48.22963206970073
69.6009150563108
3.2665528265732604
8.624152085229497
8.025879507734189
11.860778097142472
43.347401854819
16.99628669324332
17.418605246488397
53.444581687499436
68.96253914013998
22.811407692608768
0.5236783765857354
6.40789091587996
22.889397711687536
20.50201918311133
17.794012265298505
4.235350175757489
30.370722200110336
9.915219788378806
44.61907289374261
22.875372438523186
10.080476808855195
14.300948705675765
0.08044453160506748
15.72991331959473
3.532332490516211
3.3528117550113166
297.7828743441206
23.67417686299453
