11.099738503795834
34.17383046508978
17.595738864011736
9.112255767064397
4.5414415718666135
48.909359896505734
20.952922539552176
23.576909747235817
6.245665469407896
16.980799447294345
4.488106425725221
22.12178836589159
28.579260331963923
18.276319804317225
14.866592096949773
12.881404054915294
8.686252018682481
1.8614781591123233
41.81655429011694
15.182829732173218
14.886973428408425
1.2663447301431034
24.276565682909222
11.05178330638708
13.044591543602564
18.16765123274088
13.300802464131735
23.58346761571724
55.16247785555046
65.56708000810718
9.54108608860247
28.47211101165722
20.478363826857162
22.44764077382392
560.2870319399801
16.102771962050866
24.619159946890008
45.59039377210681
15.39371579342658
3.4909723790257203
