0.44273811721748757
36.61244685277893
49.21495914374479
426.56808147587526
11.752558658798364
62.28184043500663
18.871942498759935
50.27124177346053
448.37763837672543
6.395179236649653
51.664560794578875
5.302300949629782
28.90379279560092
29.519351491173992
24.931656423237627
471.5260571513447
7.327479245270325
5.512659442020322
9.238965595931447
36.24870832218879
24.73709361942791
13.35665538852382
4.6218065861455955
5.972215180955544
34.26057797212171
449.14139062409646
16.811287309901147
6.409552923278142
11.702152162083422
10.123710699556142
