32.86946454949688
36.00622629107261
17.530186472726726
23.194597377931004
34.2163558243942
5.1761754572451935
25.940573939478114
48.24783121655936
12.562303096422738
47.946470153964626
36.217360808463056
24.685473706901902
28.462347824935193
11.32469601301645
58.021159304324286
7.5296833966175996
58.989946762809254
17.020169638437352
14.144584762341239
3.100022978716666
60.724334754589904
13.112489751350267
24.161348422063526
31.562359664543408
16.52761803683623
44.82789224804603
26.05276846756378
34.550913120855895
17.712851010470203
7.810375379004114
35.063349330882176
5.9304068189787245
11.335198080371157
40.86133898307578
9.723409989560366
5.713469062362321
56.050446877257045
40.372489316052
12.857605150000225
36.5218728928502
7.484517686629857
45.197621450123194
35.07222054132656
23.09890329890679
2.554960073279446
10.08851762256326
2.5552586413457448
6.640073134770617
64.64439622253451
431.33461520214064
9.436694403006982
7.74495792560009
470.2630023526005
10.319094915958857
23.48379313231655
57.1374121770741
15.790310200275954
41.88374477309172
27.464265038740976
