24.66497433411412
20.675614092553445
4.670445838901884
14.12772401898431
27.96614647997899
42.72884989631753
18.191416985790255
17.09910025572482
233.2426424190028
3.228640871277662
17.5780440606232
43.54945940922306
51.71174738446206
50.77212361343231
9.549593225549629
62.98599240259023
33.91604461610805
22.364028059762447
18.921296120725245
14.700442370290432
46.93007222051169
63.4223912750446
20.907703007311568
23.908907005418413
80.75436861959923
13.644804790111777
37.09660026754065
17.748802141365246
6.17780467524085
