45.39834026924416
14.605623402326415
19.22955779135252
63.093962460921716
8.258209127143331
21.6114202982167
13.22456861782851
34.8960137471679
28.989908525248367
67.18034012411309
75.82473653521983
21.918441722216983
24.74627162432418
19.10344821340817
37.711448764269775
12.822741716650327
18.01731138857174
22.82467914427187
53.99870480167962
66.78121826185914
55.40845269016668
34.60548360665332
23.001416575329557
18.16197939129438
24.17726070221373
15.673030999575019
7.916530134296693
6.475198748397133
45.24477362582169
20.442537252535942
10.720171127075687
20.729786297697544
58.30280152449917
37.844702998319164
25.443908954157834
6.063048384423894
43.633805780250995
42.83219892123418
36.94657046321814
