11.468894365690915
42.796220413969934
379.27850319082575
18.581239218311737
35.497300983610884
12.701917087383677
22.681073113456677
8.88408417983122
34.54035243515382
27.507946663361906
21.097348007899342
33.501127322416494
21.721443767253646
12.073296276432586
18.184777912502142
6.5459147252623495
19.279358916944105
52.81042130962487
52.33879990694052
370.62446510134566
26.513531529329583
48.93217858110019
31.505973746760105
5.117838871216122
32.41957419747274
27.049283473474162
18.699557493036792
4.7917827845780465
28.512460331170203
5.501405259192779
21.365162017510443
1.0982971412656326
10.87869799623266
8.457330015029683
17.71542351325273
6.612652237481029
31.35823455043331
50.792707592927954
10.771243110606932
1.7122669111175526
