115.02977866403381
40.06214839401052
25.76292270572432
12.647278113880873
41.275311822030034
4.704448371238001
18.55005831378429
234.80006619791345
0.5255824125747779
37.42449349086249
30.266222616919478
57.084736938193885
42.55235161315913
3.9519835612415903
7.900423869281681
44.745158653520406
3.980885272064299
12.069418877038245
10.406791035793034
96.27908510127534
28.90422785950689
23.02316380562978
33.560378272954694
11.878847070738189
11.965832271566697
12.17057645373957
7.608101715153197
17.629330348727635
20.266463328952966
24.74461338794592
14.4103331475702
21.12850483465469
14.850289651305303
19.808796979525184
32.895281603496116
8.208393561443302
11.471402506428348
11.249856112338122
80.09020958936958
490.7113970326629
5.737231054086138
