20.151805662293015
7.754539354519082
9.331785367410163
4.471794765643551
7.611889962018552
4.415766478546203
44.06833224298258
9.05715734536993
22.744220205056507
30.120915688434025
10.18401566851
8.576995867109503
32.95849197020516
19.9377104152354
5.818706597786644
19.49006129815021
13.931369960051441
2.041236690376863
12.194379454093678
40.74646930598935
47.24237961883816
7.83225657102038
7.304856461174978
5.807612063238594
21.736433038300632
30.617527315156465
488.7133074389038
17.02230174608178
53.075776610896554
56.4241125610009
59.5721391100936
22.204977720536974
35.28701679459361
24.923977094651733
24.863311696767667
9.581277433438899
42.90356505440269
6.991075643667429
11.00507754227003
12.988893648109837
21.839840230949633
35.338660910814696
37.66904713931345
11.7910491752734
2.2728344239200595
