49.30839692684151
10.95932053270306
2.3995433720800037
5.208667404353804
19.27266213939457
7.521957090408435
7.1511919398477914
63.420666770876636
31.91206940639431
12.286347775530203
465.78749530793516
18.9623667081693
31.73450242452816
10.309839880578465
364.7761562893238
7.60904465110373
10.612488165832119
5.770185372147893
26.565645316989006
29.943824511865955
28.232105639962427
20.87148066814089
13.351711383264131
63.43396058096599
62.640043271581305
5.062137523058297
12.007273922675623
4.129339774549322
15.551382882463798
0.5420089548193658
487.8007775597729
38.38137377658589
7.437942576647359
9.763954715752433
17.161584977593705
18.105743087176208
20.798304818565526
40.18818557874427
13.784984702891833
20.463095146846
