38.49029854229238
406.8980049063361
12.165777634021978
29.119569126086148
12.05899107814939
44.55972511057779
10.121904466157403
17.988354364022527
37.6439219631871
23.770513670357246
40.38042374307773
23.381268948219315
13.586751704230295
22.28253472591527
37.562034851768615
15.511940057027175
48.416601926718315
70.05919959911478
18.84475917254325
75.36111441069839
14.408729043282591
25.077585023750032
25.56993559348099
13.093623481273923
11.892409617023603
4.672296628633745
50.46288632400757
38.772238214934134
17.46223454018623
24.850398548008684
29.532203492219097
19.56574256983363
10.089760560733822
32.39051424776723
19.352726220075795
15.710464807623012
5.866289782626055
6.074001842627666
21.246153235066572
58.571754658227405
16.66630236986748
4.697702656018521
427.27856945706986
6.417980467372459
107.72011388094484
7.291345216045869
17.76422032694377
17.99308314762966
7.3828716030683665
43.21330670675489
13.66729873326966
14.194564662602346
11.502513535268875
