29.2439723961987
61.271720535586866
24.29964741182576
102.12367922345304
10.874960687739232
32.57771678197716
28.082086365685882
33.19146316048432
27.390910529785515
87.65234310348302
21.502249136022158
24.729749198729706
14.100963135794785
42.30062021010011
22.45980725256541
27.112039376190538
24.81675513585553
55.233911098391346
9.011806759305983
7.589768859772619
456.07557140676045
27.28554475088771
12.142169077530838
8.159539527331248
98.50728634267148
42.54490073450428
10.420056761499794
6.320509684997688
88.90306000326012
4.858086809656925
23.691966214685408
28.377981865423493
65.93083419514518
31.9055982687145
