16.989739892116376
17.62607416811521
2.67529427088283
15.201575527989732
3.942687072702455
8.461033816770666
4.280096491425866
31.032531540669567
10.815383959579776
61.53906660362193
19.375475114278046
7.53424156826371
69.13262778370003
30.256371822253797
46.009751838883304
9.849129400183998
43.200941514381014
19.99481464323975
62.44323639754424
6.348400576902208
2.2691669175471816
16.66684640279972
17.81280437471169
21.42899027756235
26.939794327649494
30.319342405320896
29.51439439909467
23.757193359459663
23.757462345482324
14.37309775599428
39.00562104306486
11.447856024572772
16.684454514283317
35.46461004080372
13.012464713817735
64.43975145787589
19.013965884876086
12.819088195725527
13.039454486982237
17.87985590491131
64.21775947899366
8.355322290142709
9.349625038492817
7.679114769248997
35.566909579306156
12.423355893573046
18.021971681460784
24.922462238818824
18.719281821479214
5.330042336767718
38.79550971942763
36.28345723599753
415.6134213617761
