13.619439427888821
6.897545863713773
26.96232221704453
47.9373462091215
11.99893933113367
22.645292624283044
24.173591159748497
32.34856915339596
22.267220480705546
4.638331976131525
7.925296835049011
41.22568343632041
61.59307378938699
32.95638996658839
54.1900714242492
17.387575055458825
41.19843245981545
32.37237057564852
3.035034055747701
49.27702884425986
27.03709089521024
13.21607483448021
25.067261043942224
37.05637317221077
8.003429505281346
9.191637534455836
25.98265867172374
11.216413513611371
0.4826754383168179
17.52251360050198
49.155111445428474
