24.498339498209788
30.30861345170939
31.21664912423752
12.597348450883644
42.45469418117605
26.42931723055287
48.5111030791529
14.622218413375734
31.650125722328013
24.137290045642743
44.026565610737066
34.42370750773344
3.914976728882067
21.697502356493402
14.892430962833103
0.0
19.40296521479914
43.26741641093052
15.262426938682054
10.024393857319154
5.2646772516570906
43.25656843712889
9.290952178022408
34.597524197337464
50.13915456924951
12.539599591170969
27.55416500410317
40.207586658371426
29.768299376332024
