21.78950724595964
27.822668240289374
61.13104559907947
15.387843847107376
36.56787822846118
6.803419027318284
16.247307580584618
79.38886378600797
35.23289400573577
14.373129786042824
21.262655652051578
26.150943785383845
16.496289530370774
21.086892117251338
7.991245385806906
9.537676651246414
14.621876006700802
38.597690654722086
47.009852279625704
12.888067688478458
20.709426760288366
38.66637787408948
50.33460240138527
21.841167612824492
17.42834858909015
74.1951974425912
7.5504738728021294
30.82450928931064
17.667820247314694
37.85547120630159
38.5256098128406
53.224966288647366
31.49218061824793
24.643675428831415
58.14729565264214
17.95642668905691
29.901214609619217
25.646573467095862
20.205415535201965
8.906842590061501
10.67254699048749
3.1297563272711812
29.687755695574808
22.01645374110531
