67.28442940804975
53.69587728299409
19.3379451256384
19.99921664332706
15.46295970549086
32.10241116367786
11.994776928641897
28.256133070101285
24.778726592460387
18.216815966463017
0.6941968290778391
9.880417059148712
13.780934126489853
56.394667526913
17.698290605278657
22.999478307191026
8.380582446879885
43.54921933464907
532.9952144553913
11.204539665209126
32.96747595403224
32.88827127114048
7.178588011980025
40.95960375806361
14.796001245466158
8.751816699462296
18.353767772014095
22.37041707220112
9.720025579705805
27.764139569350846
70.10382919468196
44.475142246565696
13.209591258766352
9.228108097188297
28.296290764708218
57.647662660612795
15.463367277794035
18.740159789489923
26.08703969182956
