21.072744938060836
12.211228078264867
73.21849601209018
10.477155341378875
20.90507661928578
41.698336777971036
47.12249601267192
38.89217992433092
18.39934467748705
60.957586027257534
27.344535093106515
7.295466768648751
51.116145711068455
18.071420726693333
40.65643353489908
20.538155439688182
9.423650469962581
39.94008076595168
40.231268538126955
3.0501453005954318
30.126835282294195
17.99386031459258
72.18352314600514
13.215031881736735
16.598811361225046
16.739029273015348
6.363398479477013
58.011174938471086
25.95656992942736
36.8124349171664
57.359986246956936
30.37555651153434
48.088892427591574
14.129364685459308
