19.1457477250041
18.283492083698974
13.466603767486276
66.61198940671215
8.233079331462491
71.39109063570378
30.487833132735915
6.851816871320352
26.16261237486158
55.07129852604997
53.42926257089874
35.00343278958695
12.679044254104696
21.690106400915496
46.30951675551667
33.84242795307934
26.49712647334374
5.666381310768315
12.313897485867344
12.558425118109596
393.35881378402246
22.77293887316162
13.36205622508767
23.64919067538503
15.495484801903117
25.621040335759844
40.49499115489435
19.846660446744977
60.95955615372556
45.9570498709635
12.10083363559231
3.5539174078774067
