18.624574353206057
7.5310899710858905
12.378402594412591
12.828203656390002
17.602424278763223
10.123557862942675
21.768373745221695
7.66679670569944
38.81128465603096
19.597458908505388
40.25499031301398
6.858761797277822
45.03318243614207
26.023588892246238
8.84929242758065
40.089830192022234
26.216433974102642
19.74647706358624
45.94628495046604
11.809658209722599
26.989298322400955
60.75653535060641
40.22937563397252
32.99615055228068
52.434026223596874
16.668066920722865
81.53676334434486
38.80240036148251
67.35195517578005
424.625740005808
1.3487285480237148
22.23522899628307
8.596963550925281
10.067879548533313
4.722329690741702
0.0
21.757531854198135
12.51209822962025
11.3390837420624
35.75070983163272
26.92728687784492
