14.731984032504101
91.32368922007277
0.9089557227656684
28.682065730248823
29.068876227921933
42.54138295309063
44.374893097449885
3.978528289005226
448.03777437104884
14.593257148995974
47.1798451905338
21.934630247956903
36.89660751532391
18.055458964037584
13.6260456331444
52.40532264885546
18.146617707745264
77.9990184881935
44.395584644435445
12.154851377359492
28.84555658384484
20.851226673983305
35.50596212236135
43.862115960939434
9.388232562802429
16.497377023387642
8.636216633999112
8.68016605442692
2.7647131608566866
