21.60926071412095
37.25639068729495
69.79154983174563
15.38958816816239
20.214413405209
11.452852622684986
19.424656898584217
53.536760985079155
77.39106336176958
21.504145774639483
24.903603021618153
41.82122585673852
29.14802825517168
41.65429351831058
41.16548280448387
18.85757449294978
21.069128568379753
19.745935055316593
12.305800172685679
5.574957349015364
40.06565733536716
35.74936534742177
21.35581689863494
32.95603189480941
42.13309599325315
17.030055922582093
26.035875827828505
74.51392280376311
65.7076976816667
83.43538446392033
