33.55333668891524
36.367884363486866
14.71624114891813
18.080084083920383
35.72236746083121
5.176175457245165
23.16322676691236
59.520379986473344
13.373174801493974
42.945881679531254
34.95394642766321
23.94594333967693
29.73646873940926
11.54880281430863
58.56832478577303
7.626685860110882
56.106056638415055
16.369869939249185
14.26164447913007
3.2439982687140656
29.867137949479044
13.16037325509265
21.068694498367876
34.340492213216265
14.098721070015827
42.32739239881026
25.929605088573567
35.25560897760758
19.129154819511456
7.819768844201789
29.744419594876817
5.6471300634266015
10.957256907751699
39.0042538232193
10.808395180794065
3.9169790720850415
57.256356927256036
37.93521639645705
10.820335724591303
37.09494278700038
8.159591544395369
45.61371334475649
32.06115121765464
24.483828445088818
2.4228964141633185
7.843756216080237
0.6229738331971646
6.64007313477056
66.17166063536179
375.29687262182995
8.602645768579734
7.564602962043367
575.8721983303751
7.020529113895833
21.91676345455963
56.95176791474864
15.3446132002111
43.588563592732456
29.440024404278986
