47.827401797372204
40.629925513085524
25.44210885391162
32.29620082562859
10.419415827061016
52.937968782881626
13.253039610324791
30.042592414638023
14.0824012268925
9.511475707188666
11.682343816898765
5.51443879969456
15.303226111848701
6.698761732116239
35.35376334630331
32.237400644830075
15.066423356719952
0.5804810897388961
51.98914794235448
19.602372433465504
68.98446898312963
23.843932216076524
15.269358945156853
48.88876271591819
24.102990165472264
33.68705282893295
27.4134899690454
10.561865345359934
521.9906715017743
