15.282635614383679
14.41499984831566
18.708367509415865
52.62768434563364
37.12472136446628
7.190916191505707
57.72427653524112
39.505146919909336
425.45122156791274
22.415348722222916
10.236398742713249
17.545349089004162
41.47642594812591
66.42230876659501
16.127015796102512
52.26703711922222
20.236685207142187
14.756001075326651
23.950324351605758
8.728680389124264
60.87255446837787
32.523600100577255
42.61855665140257
11.547684707930784
19.486297036689805
37.4421882338235
37.607578079026425
45.186967395601144
9.182260524903114
49.10489187506033
11.620284900783616
62.396621704319585
23.03064579580561
21.64615586758336
12.137852067756654
