9.949297313848234
23.554683728519578
565.5463360031555
11.496824035480387
9.174242838773182
47.494507072295164
37.91672604825004
35.40868405357773
22.585528327659446
10.473991158995815
7.958826836773014
18.889823832738927
7.077816509171569
34.55424460659792
300.2755387502452
7.389596767442882
61.83467520811318
59.80630245706672
6.79558818376627
4.244388123681404
8.036476659718062
59.93705217068991
20.6379897108216
20.195108781248393
35.75506539984582
11.058501318292173
14.431805248286508
16.283898992289735
11.589661485705989
44.82958631887537
15.304510404946157
32.539998239662594
39.941961321130066
8.109328644043302
28.350641749251196
14.275218933446979
47.66255070650344
8.500252594226097
0.9694491405529106
49.521606173400556
40.68547885042581
24.60571753098074
12.05084594010539
7.018924604402287
16.83680615596299
49.65483375919578
24.05473130859714
12.896980897622242
1.0321640934008798
31.57364840751461
56.54156781434057
18.950196468806922
8.765170488894725
17.836966635520653
16.201725902723467
7.6967041394429145
16.74620598723922
63.86168966880817
51.227246168630245
16.038292060702247
445.6317166675358
47.86976604115034
14.8015012331566
5.814723553837595
