52.21538705951734
19.256404483230682
24.952258359270274
26.031038260089147
4.445463625044638
29.063492168609258
508.80610862675854
38.359422483385174
25.790181707595195
24.98480034448791
29.5674114328383
51.99336914979152
33.51253619594428
14.664714633019415
72.58222549827818
23.47350745123802
5.273875750547333
69.4648675271605
27.30131709800979
28.77089848776363
22.82728874579466
15.926432593645558
5.933238447741559
18.082689256885928
30.518047035402375
29.507481505757568
48.15917289193149
24.046103606682266
44.32443367931819
46.204671997177044
14.30157066251546
9.013302653612499
25.268922731185285
27.812460445483296
28.917366009015453
33.70586528395026
