17.438751485840413
31.107457150246702
26.265290078897152
12.712042159476141
14.585435896548248
12.289000599997877
55.46836842300792
51.58041309205515
29.70607555780788
19.852986257198665
8.65333254502957
5.698349819152298
14.562263536508297
4.554597034035538
35.73555598629352
46.55225082901745
18.35739167958829
49.604010818035476
36.17203080709578
2.3264616726786613
23.5577206846243
8.787265771974972
33.97456084403264
16.47808785260986
4.556780023996652
9.724213122706217
13.901068783077704
7.3520102261263105
16.272707382431733
62.317329872640116
15.467306764135799
59.998149629768406
16.544650661310413
29.68959932673775
32.17318078529337
18.751774948890215
21.100521012452944
6.606334382188635
77.75041970993705
17.264010534712966
7.644747776802589
23.654823822752817
5.6614164865411
35.33614234845042
5.707897369066927
3.2362592459220423
29.210425376861195
22.66104951751545
29.890780133077783
5.3360394546207885
12.062743409734935
12.756512594992714
4.92434248854407
14.660142371636056
20.185529823796216
16.44448164138153
28.87929013871961
12.027288479249336
4.825053430670678
