83.794865500343
10.757632509375753
26.136233326235853
17.870975938816883
42.23277951489264
11.409953406426084
51.78930567493386
15.633843020586653
12.985580971465083
3.2051511511671436
65.48086859067077
12.226463589264227
20.4505380003025
19.347465159314567
35.11182953722367
20.822899176305967
14.31767601374331
38.695768731111315
17.956155198976887
29.62931152222461
10.354061458247827
12.444281195517519
21.3519797341564
31.368589069176295
36.556167196264056
39.99344300634574
15.298189423562135
16.518908756492436
452.0361743140932
50.953903369368064
22.40750432574538
9.43266517541359
