13.33623469678406
11.84746175364036
11.223214492251373
21.97733987481351
19.97209376914256
30.766990067213655
42.76855299933426
21.989528375125104
16.65718943021976
30.932304649018022
60.668715232381004
29.19557514526771
563.9855829631276
6.559939483254482
21.963979401538495
4.341940987817509
12.541214637117761
30.248360212024096
27.696374872081506
16.63161005626634
13.5666168622501
7.243797735477841
1.3583032373233124
38.11805121559601
48.55691590645671
16.16369318317993
60.848742776355536
49.08946855075715
7.805606074984766
24.88903268765789
23.06068120477829
11.172743274753628
12.980109818658306
24.231373976785363
30.92772073664416
31.007718985618766
25.791633626776985
4.441061446626307
7.65174401662955
14.14244334911352
19.342514993219197
11.60915617873684
30.44873742627199
29.03199137776059
45.393382417388594
