20.468807622478053
8.951535950443656
4.174568634171266
36.648032089209636
24.499734798555664
10.640648789646107
32.80177160463276
10.77281769146748
13.584807703445193
21.164769346338446
42.6226972939715
12.61973144674701
6.242572157728901
18.645886365840155
12.31560069521636
17.7185866164114
27.949416807761267
1.4128928437013997
20.183514243935363
20.84280243507058
42.72554766465471
10.814946142442622
1.9306873069614596
12.644994225902352
7.848616479110376
35.14203145311308
14.49940633305954
3.1643870125732434
30.595906784092975
27.840323082476118
247.54944033588856
19.414744502459342
16.129388911347803
15.757602420229475
22.022955248591515
