56.11000683213544
7.099018483613037
21.504354911569763
37.293037960475516
288.26932682193853
454.41949955964054
26.170088017603206
10.345729036029468
16.342089746689794
68.44556222086938
22.735234973211462
27.888572218584926
10.25610516648345
26.34983956062827
53.00765019904024
7.670332235037989
34.63798865077652
17.720101804884735
58.376459900381946
11.207094701264623
21.942487587685264
27.01236606296534
34.95926433934929
7.6125075380342935
483.2073254490225
64.94379693294931
16.777829891872884
14.448149235342171
