23.240988250140788
7.497259661241955
7.356631075939205
24.917296393869577
66.75257720442283
10.53464369807196
17.044222957637913
11.292475582779304
10.959366357812542
33.78524684368665
7.035935858491285
70.41917992986774
6.18792219381811
13.06915674291318
52.684561834106944
3.9849641370285696
10.147508479539695
29.361239291978393
13.021668216812287
36.105063095601736
496.97101330072326
6.17142020783524
10.913340048271067
8.669825454935662
16.683854314731036
3.3113825829370285
23.928616495403404
39.01938508787667
9.829547456620134
46.271420645007936
7.9102354910418455
572.3514208470343
4.159903625066022
1.824087408951101
11.063214228207926
11.30191408381583
19.154970462150942
476.9471646626597
37.488494890800666
40.56994141757747
10.527072299911069
20.676891512579942
9.694234030928754
19.428407406804396
55.97234482750554
69.9383251311094
18.21425261912293
6.053277007586956
4.939344480985042
8.477812923343691
15.76401856661586
80.76751345636603
3.831849961449265
14.809871384704834
34.24574431402621
66.48006380988556
