43.44768846386259
7.629206335863856
23.00497711928135
9.840870280953538
14.447762657785887
20.345883306807053
12.280757815137918
7.73122411307088
29.73542807812862
9.331243527812973
13.930611218432162
79.23751211459624
16.989094643054486
30.367276790767065
7.716757606195273
50.90747399178615
23.9033076859441
37.26321845326207
9.092717395883142
37.10829857477893
88.69514850497231
2.8905870580944537
68.77270128124965
7.728847082718431
32.498866908491976
21.30365731582458
57.56832239078959
470.13096416706685
11.09078199590725
5.49512228191108
10.146280769198029
31.465719880518932
12.999363495417356
37.288166831159415
32.63783947914361
32.722187201407976
11.313906255625554
455.35973659334525
10.984841471951597
5.161068816488211
33.49027763870011
49.703338298151664
9.58591066612145
443.18753294069984
37.88108122817516
25.188495840329097
3.9507438389549208
