12.201062006289902
28.68773337809523
36.134925769858285
14.491765166875112
3.869917648796317
7.417345380726275
50.431274897276666
51.40926780302436
64.13816231737104
51.69693576106276
13.271884733309534
29.447626941375702
25.179036695539367
29.411832339436273
16.491122435261502
382.90533111395996
52.28960411785327
17.253703335759198
14.647623154209029
416.3658876219381
64.36343503760475
47.87951279789786
5.342163225566523
34.1588949428336
42.44928083430547
28.8607402347358
16.212913368750606
33.26078178619393
34.90313849689909
16.060488831790863
26.02181119083204
48.55984649448327
25.59560806298127
26.874936875049954
3.3848842951808535
30.700460843546793
47.75863004521723
16.4747890234611
24.943987352934073
14.600529749279872
31.48760560624035
55.37955125173265
23.526043636013654
52.62095070827499
491.1041299527626
33.297586807876684
18.559743421338183
444.8157153524966
5.143247006125122
431.9632605411302
