13.779255158343972
26.44794340988082
7.235145694771859
29.245600573107424
6.814185513812632
11.249677107048484
52.02146681678454
10.216675034943123
68.68194224158711
27.800419331964704
17.433389071954622
33.6397312850211
27.779859636888744
14.03867737060142
42.40662771236734
8.943798967885868
28.863768789904526
37.409231584446516
11.764162551785304
57.64974621084846
13.24686128868143
23.279757989770673
64.21401250833543
45.43665559894616
4.0128795214139785
41.83021548100734
457.44131591822736
61.47686167460263
20.94288290005626
12.499009342959837
34.21663752369986
14.456538829349313
55.201132032549665
35.8386964316077
35.128511743737704
33.3245511310959
9.524445837818831
54.310564390285876
502.2726869952471
33.27743061565141
35.9350923983211
