26.232284733252
11.038989219095086
7.564904055509288
16.968553029298803
13.588045168863673
16.822195203667732
30.475039415495672
24.845104448537853
31.307263320185484
21.29499544756638
12.482881432773496
25.670356918876607
19.767832384210607
25.52275279161087
47.11498625985223
31.80918610624552
16.16372758474016
358.9753276733692
32.684575474578565
27.655192545846347
22.972192640516425
24.615414635728683
74.65048991784431
31.493255132640357
9.129198035499343
9.892475794377646
10.993426077522983
17.1593839473245
11.771173424013696
3.1195034312477787
49.92277348018209
19.227142384984873
83.25964938056711
0.13823791178856482
14.653459240872394
13.777342098404887
15.298299795161554
24.314308252245297
24.125345159162237
17.131288478761462
26.11405739947486
27.436697129914307
15.523251890672526
24.990326957116096
16.49454323261915
326.3328972814804
51.5545542709589
9.24667085375296
16.578915442685002
11.454775264533481
46.20657681247462
10.108131999161188
13.110664965809192
8.330557475895446
10.212305219175505
63.259941680790305
50.359147837455424
22.056784129469662
