16.570046804997105
54.28168831481665
42.99392862720576
42.715083581606905
23.68147334428555
22.737924869374183
24.35734432364214
26.210317101813672
25.07570992800227
41.64792828413222
19.212951214671946
20.90085658006018
10.93287633674288
34.17645613076971
30.86581732198468
21.3343999919464
12.483566953808904
10.741053672855202
21.580212269437993
21.752578435988482
33.36092990680774
38.463971016076556
50.663898491125124
27.296241866605854
27.376134477961642
5.389945525261325
41.13321732720803
19.496192295812804
8.939085770129182
20.802575969922742
48.12358650100366
5.533204478436289
38.025421286374424
25.033208043864875
24.488596950952584
18.270325773932626
10.821204606228946
47.71606440272386
28.527960154233128
20.85179412931066
20.696152763093053
4.8697546279083355
29.052432282238925
64.52427800927323
5.138753778971662
19.19498620123869
25.635714862277993
43.50959860546831
39.04844816756112
11.177262871438103
