32.171624622900055
26.444120107873175
27.633594701384908
66.40802882134858
45.9154872875539
37.95152819904001
50.729120600338064
42.093345093953474
32.50493425105692
12.221970004029146
6.191480132938793
329.0772346008529
9.378619067904935
46.88356059145198
44.07521097686096
53.614938893074665
6.756716222610578
40.53014852319127
12.802261345325519
71.43463428240047
38.58367239023487
47.636977270845236
20.46677844324853
22.793216866292596
4.570949334317973
25.196194865374267
16.591495299122826
48.80105541898594
13.206316877982118
15.563608762855495
12.28573516188483
7.586199071671473
38.37320043568164
448.8642422360067
