2.6115917161685616
18.91337952131728
7.835013836048574
25.830863511474774
14.759429907502494
31.080351575573218
12.800848267176008
472.86908633644083
1.2418480167259958
20.00750339207778
30.57156913271932
8.02333424748413
24.2687274581195
13.731070161569917
21.988130673181928
11.76849284388021
6.6419578718442835
6.791283602925233
13.959582230701614
26.286753936023914
18.732619413313884
14.468642099853056
9.803402127460842
25.00622753625757
1.8078781820170065
18.72171708493225
512.3331109983533
432.10644804075315
13.00608862765067
24.116792877698458
35.12467779927918
71.77305255035525
14.208471250014753
15.29982239674689
41.69228081791765
17.20929374641733
301.7527600693203
37.89735335488089
30.150121276674795
20.67449708880507
21.96838874769324
42.945392210690414
51.61595699221718
23.046545201044836
