15.684952054544127
14.99680599637405
18.343526354344874
75.56077136542935
18.4355383715874
550.3751533319853
18.243624001556128
26.266800736356643
40.59348910051369
18.301319204923587
69.07408241353133
6.1145435913762185
74.15786899945634
11.443841480428503
442.09978217891864
15.396192274094389
73.59280759927697
14.43464272634732
30.925999420187026
25.150913100017874
12.443363011828211
28.40677540986978
2.0104130826077267
20.552692385503335
11.228332112414364
48.084899594878976
6.9573900357256235
33.662638529949405
39.6362723222296
