9.778821691607348
48.55742363074343
32.59977407712411
13.864924118782696
46.3286627980149
9.359541393405593
52.47709738852829
7.461354434542216
40.99447507552685
2.933357661115565
29.22782312612742
7.185750079836126
18.27734862509209
38.1004855481566
72.66184657376502
16.8388847784274
34.30101309672577
15.925060102675701
34.411111414288
3.3680200925411583
15.503889003647572
22.49071760253763
25.989089012635688
15.106891548690626
10.96247067923791
9.952907882905066
7.494207634062079
19.072245978576717
16.335077338561376
20.574552868616863
18.703944927938238
4.929267564238913
48.863805273617515
13.839606496765441
32.07314038854207
24.450977816679256
13.048678598784107
7.210889045768795
61.18372652106184
22.02635016593493
5.7038811496607735
17.41860351926053
7.001468161366915
11.541973424289694
19.2228478661675
502.87978471260345
10.703503387439156
