15.959089995952382
21.233594902661224
15.457270060861674
15.843101985185427
12.945966593212447
63.57226677853707
20.452044757975685
33.05289024529813
5.25523267207555
42.716260390727314
30.158256753684952
25.300563702777623
21.629067629885952
23.246018721119157
14.961438936333138
11.789808170791545
33.15863748261998
43.424333140511166
14.571815560095303
15.421414304128376
9.358004740174806
13.507300534525555
50.106579755932145
20.507469806635342
44.08460620573457
3.7570352807365026
24.0345632473298
45.48665890822275
24.79503739622089
44.120320692585366
64.46110497730696
37.428011229298605
17.444520137176042
86.71994421010481
36.56884756312378
34.93082533691474
13.596373241425994
14.066667282917479
33.79937889428089
13.171580576021142
