36.345770860862146
9.945501543658224
11.646032083584174
16.800150787283457
17.406946220419755
72.75618216142504
8.100397091490777
64.99793984760218
18.816752262352566
36.28883463454822
25.554121548852777
51.96745183672016
2.4464704619637985
52.962473308416975
8.399290322349245
23.33345625813432
6.191416213314483
49.31379266965186
7.1404722292728025
39.59358523449022
34.29799351862154
51.72187661352734
16.970147734263463
41.09325868525134
8.359125945652409
29.337292066505725
43.5701325549157
45.89688342677093
35.74016923563897
11.65696796061934
21.675493717869216
18.441316836324205
18.145884088946573
30.198520891867076
22.224657418494985
18.274060613946745
63.02478875062869
23.701086813681854
87.14264716307915
6.295757236069875
14.085575333336948
24.860637729220812
59.31734963852355
7.789765085016782
15.661591598951745
43.75770695729827
22.54365231643112
16.694584175609492
29.660900346826224
14.217058504987364
71.21336242629168
19.021773568809905
52.865917056701775
49.50218964239022
21.500123226616623
8.288169285071177
10.099296087605893
79.61574356963281
18.36007788962243
53.18340031502045
8.814657109643136
2.1761616968411914
35.03420909965871
27.100957860555795
25.040731851956238
