40.30899819089106
10.717039248128287
40.256972155978744
12.069577745301501
29.460501748629582
24.87942542885611
6.121962630235657
36.95712118091916
20.060559960168348
47.105781539044486
7.330083769232289
7.2873319699577905
20.615029143995145
14.427804611872673
14.070914474398137
26.461235763368833
44.24088566296683
41.09615177375824
28.184885517949965
29.51197431777061
33.64892318637524
44.50253740427175
70.78526528914031
11.404929375673731
16.83789623466248
23.09611185290221
12.325901186842586
28.67692700650096
3.2052572210644854
18.11342406421852
5.477047078440492
19.4135418367796
43.135247510522376
16.243531382806225
1.2520928396603779
