43.10647339347091
20.280878005206972
19.974977784691575
28.51801029043466
11.262298489439473
30.387883845017214
61.20520777299737
7.787312343308628
36.160639341011574
42.04397161473297
9.687552410286912
34.48964625471814
44.75670636288365
10.651337938320964
49.86118766119351
22.9446831201531
18.089395009156874
28.803013714075064
48.74681653190257
37.628037555406536
26.8830766157553
19.025590372487798
74.9338567141714
52.800913180816536
14.117361589555728
42.649275314354796
15.153090630496578
2.077429263226904
