73.05629335332497
14.623742148701453
42.08502900942253
4.796709367952616
5.161035428177485
21.03314550490768
22.394768612652655
18.675659820403524
5.796224673541516
51.53638803390764
13.811675342416436
8.534398062766144
22.12783600616494
37.4363772765405
4.044943978194198
32.769622631827815
5.944650789109346
405.493157063286
49.43045206499423
8.217550257896363
62.844975336584426
5.492447446053191
1.2422977004028724
23.71264103354372
19.03433566464618
14.734534820360821
40.482136050181595
15.320899915882592
17.639900886820527
13.555033351233291
5.2267129810371955
23.16965844503011
11.416364869316268
5.751510200304992
55.55041885196157
14.211478661115109
2.3183908274873204
58.39058700090905
20.256302420502223
17.25565834926688
30.811793449199357
47.547152570293946
30.83918279836456
2.8632579540058885
20.912706726634582
