3.344586396255977
47.93900001663816
4.101267504606341
7.945948014094455
16.299813695721866
72.06199477829477
9.236628680110599
12.616088588504496
53.15783827801934
14.025612996940467
16.17344443406165
6.235227785472858
2.4474175852247413
14.17095903483147
5.163512011450123
18.83718685258529
16.78380296061475
23.576663698670757
49.976313927447805
22.78628533416962
0.094676018510512
14.184376268827592
36.70730881530727
466.80548799678684
501.138508014571
8.053502815781883
27.167716621399165
5.097547980818462
17.269036764021735
24.763224418375884
21.573281914330664
31.729455665472443
7.068648771406089
31.306305039583336
21.512719627769613
13.491586149174196
41.14768270360723
427.1211268931299
17.652439931897646
21.12811872525934
18.397435237440135
36.19177507703834
116.04733544731903
10.334348470083057
18.550118757466578
11.720105334977205
9.901853739076827
36.39164110964035
32.29825065197615
45.06735509251132
