76.31998935453211
11.515121994628743
34.09180279339455
10.653817119361634
20.329747092625027
50.888275335960344
33.85204778471012
25.718442344863206
23.2207274686709
41.34492975910911
45.647835567789
585.7501701066597
86.12829030840507
12.26541256360278
26.715283149864746
30.786824811305962
14.52887831637382
2.373272510137795
25.094200395838172
17.849151915841276
18.134000061990776
150.97841672078204
14.315458778443258
59.790502705630104
60.404954461193086
18.258465414133127
24.79223451351851
28.63228216298286
90.21684069067406
65.67432932969417
17.46210134465548
7.86110793189755
3.4306513321544116
8.275075400834268
