29.471126668171536
8.583876857757446
24.379917627497022
51.94555993907245
21.36372670490313
26.509115082783268
37.80890199951054
34.03041424042951
23.790552379208663
13.402562374265926
37.78294574903828
4.921658372932569
44.24259289732419
7.7217005703430175
24.34590736936761
98.19725612112728
5.952105025140398
15.597593756356815
35.66278622789851
44.60335864240945
25.246375764546286
22.02849602131795
34.691101478831015
12.839054190853432
65.00940217261092
198.17250844090086
18.71144969577206
31.200752920837445
6.442679306328031
3.9502717845403765
7.127253585120769
