29.830204813796527
20.300118819670544
11.518627073120484
2.409036809298783
25.124300775886354
13.024766460565019
54.10078103119001
24.1746828689477
4.1345017525099905
27.619107307736456
29.837048056407497
33.59762559047134
58.53014938193945
16.200787522147806
26.167557770780746
58.303467068217316
56.680655212784046
13.683548749642512
51.481944173307
21.10400948148589
31.662822241400733
14.907329003773398
19.612711597168897
27.889520717441926
69.17101563372047
12.37859278111874
4.562291547000839
4.1519606320606215
12.525840716544323
14.263168606810694
39.940972552162634
39.93534801430674
11.846232458745035
