40.562515378380624
59.88901548755953
5.6526636396329195
30.241620066852263
31.617619237896292
15.698549835120048
51.08941208946635
26.156626420482226
17.188567655409628
22.905680793481494
74.69719804173876
18.393239649955405
37.61376848111355
56.298958222900055
28.825634036104617
19.557700712251346
12.018098705612871
41.72439697334562
69.67238737148963
54.2974872030412
4.627178721491632
3.4952644812858438
98.02227770285332
24.161963211314784
46.754651182494456
35.15719153314703
8.271568077235926
39.76433579366635
9.204375202070821
14.581880998780733
31.56565103512375
77.90505110890936
18.998616715275716
40.32566117293112
52.166022844948486
5.783940418875204
17.917008219263877
26.52816167699308
11.383097975843512
29.45949699896434
23.09615273804171
17.879469940129624
74.10712955788144
39.82146360859788
2.557933120193667
28.946884375364903
17.646825513151853
14.465258957514976
3.1835255336740005
13.005032088919478
25.94844700050001
12.889235013501349
32.54940626757535
7.411800541840307
30.47783120290572
5.3914444083628155
65.56709880691457
10.47424448585599
72.21855860634399
17.437364185373298
31.096252925116417
8.99907067039564
1.8375101813242622
17.95291371412266
5.0756122128021275
21.900935975385465
