31.752023525058974
45.78310972640679
34.80964703083728
30.463523264332835
19.099985404100423
20.496325817241697
26.536421889035196
9.150130636392277
2.146872354611105
41.86898129921744
24.405941193201315
57.572535367600636
69.09263518440693
42.69662580013929
24.016759868184593
32.32553837493508
6.883174539497077
70.35664449370657
9.462457515911495
19.293528108706454
19.530230135675666
99.85936826702073
27.066780670810886
53.65820906525563
41.374596289854
4.779466149180678
38.599091940029496
10.62307595790108
29.88054226607086
4.740760560465006
56.47156056390027
29.193927097644405
46.90409384366198
14.033637572870248
241.45204323702174
7.893077079944845
16.832600646293784
34.590253709793046
9.551930300482653
39.07081969291052
61.99661805197057
51.1817635920097
12.526107483731465
42.26271269110825
45.14299440523287
7.8850191047218345
64.46507642580701
18.412342784146745
18.08159912885128
67.1691363902082
10.07381688635354
16.444414570124934
