213.4673730178692
10.760730810406272
7.339985017044796
207.82005945439957
10.163112347971875
34.25019240426795
25.35115746590708
12.649606651306769
10.20108993367137
19.636217343980974
9.748891428904074
5.5194559089256074
26.51649834122358
26.788855473533232
25.759938038035713
10.662154136503432
46.08880756859715
4.87489546536645
40.480357997284585
29.484447414804094
24.64261012267974
27.57813583397612
6.915118313381569
20.010482110457787
7.314194348583285
40.96627187200531
22.441782704327437
12.623839292158706
27.75695092972167
15.132519713476725
