2.3070949642582406
19.84936038666025
11.26283876277887
45.90991473827923
9.91569686819878
47.05377413126142
17.97140327447721
27.002654666287853
11.428230339854565
34.174828927181466
5.5107999288006795
45.1156710777104
16.65759657112754
9.775276004182288
45.0131346474157
24.72688659109427
31.841372401520218
17.083336945735795
22.482797363649325
32.559280267830644
24.417113179727437
40.54152538167668
17.65996119912745
28.9464259972913
38.600630747169845
19.52417815540869
30.06934748881369
23.92526426541626
13.661165044449874
45.04059556548512
28.153913731357946
29.438030584266087
56.18084663096482
12.848736917739956
28.39963253566779
