28.35592298138556
38.42777238082056
25.960938847489032
20.191677328426024
27.84652010594897
49.11799886971542
26.435289618943017
35.154818406624074
15.631059396541701
47.42567583651261
10.467255310492462
35.79207015936085
21.98565087287936
41.328544168926214
7.380817075549913
51.75727366592635
13.48057029494477
26.557699624280332
35.33841064181611
21.65309606994795
393.17852574832256
15.254370296138745
45.586001796688564
30.932823762911056
8.934350023980855
26.361670064353135
25.213872970598885
9.089121494396053
4.480165156550555
13.289330361399635
10.032333315940875
53.494769784779706
8.930728247588874
23.341477020676308
9.160862267521551
47.38615935523025
27.13808031543971
14.36748421426779
46.561838937071826
23.30833195284366
0.32418799591161473
