39.63238421328764
14.585990761893356
43.529934874830516
19.093170822217758
24.442618544666416
9.431308536105504
17.830298324580696
7.623074424264686
5.904722672593195
23.09678216249388
269.26201908041105
12.83087798638418
27.302688310517055
8.981839191098913
472.1900905211897
24.67457410136643
18.916265659577647
14.191719304093084
31.366043233625604
31.315318123709304
31.228224404021887
8.95276484496847
13.192071245411967
6.952440505944622
613.7903292788258
11.892528700550145
9.359520317713873
5.303995473318025
38.032365842580845
29.50279381554303
14.283272686981263
23.63055841526247
3.196776868854542
41.831494065790594
21.40112653887556
32.08137842242442
30.83923425929183
16.225134438114253
21.06015546915009
16.19238490576616
7.752648082604011
20.170274483253365
43.07071320187708
2.990808271710989
23.055959636861658
7.092711672506539
5.808871351515947
14.035696339151585
5.352053928444221
9.851661852447364
65.08084750163889
5.138342888805482
