29.493588894636986
14.565068824308284
27.111248156629898
30.39932183207138
16.878725035273078
76.34910281475592
55.835745975612284
38.40183145178173
11.25267342442919
41.545518880279616
28.820738025777757
45.350157893384136
180.30770901042962
18.727277423024475
33.62030488427172
12.66500047470845
52.95465910193889
8.410033309997175
26.831221322758154
10.626973769063483
20.156176785884824
36.18865839082562
30.236065686902435
48.97598324857822
7.550295238101697
18.79778727738342
19.90233747142247
8.259194959679562
16.75446764046964
7.048812204141228
24.347908029922166
12.281557812049442
38.285251814165235
18.089365496209325
56.647819904808514
9.687978365452196
11.647989784680078
22.26226730626003
