6.481964420059526
5.424812436001744
12.414317269672978
14.872056525716317
44.59887334286276
28.26484045215622
59.871849632023796
31.423792311577742
9.92442944690572
1.7570706716871172
17.103443797729696
2.610655540830436
38.16035243166718
486.28890251143537
36.338370756875065
10.654561729115699
9.800279138859821
68.69841283529743
298.0088333907248
39.55559996188185
14.389548203957517
23.219161789449984
15.898266441502969
68.4891673927639
15.978767654900224
6.111831503943847
8.369405524361241
41.50146562404581
27.324523982723022
7.530075954279283
41.637579496080136
8.130293247890833
46.296598032547564
23.2703964914882
21.828801070785147
1.5787151855517436
52.12706250742484
6.793489786633501
