28.666760812706514
41.9350437988945
11.423253728995533
27.630448060267952
14.116224712640644
434.8662246365611
4.418781057698467
24.443238159797744
332.2707986164571
38.93990638579058
9.126954330117883
24.72343688307228
51.06828865548641
234.46168084236308
20.024068460299574
18.596685423244807
4.916237454699925
12.155778691429774
55.211873724102176
10.527680749259645
19.77205915298333
30.718380797120048
11.584307580019555
25.953771216287294
34.461453994504254
14.256542659600441
239.91106452481125
30.464424713098055
12.68381317785554
22.03362944505143
61.0333155273009
16.402923037010083
15.811739016006868
