23.273452159235035
214.70662646020486
6.508203267633448
56.564319932181604
26.1672838673621
33.255772436740685
16.19712906804152
32.074065556938066
31.06869700339901
225.19654191246968
4.379896076821552
18.967861712504927
30.324538765160412
14.206722501145663
40.661395925049504
34.329277396719746
12.89556761184933
43.48232223461011
41.184577345905396
12.643154022537416
34.958680968466666
9.785487926011328
37.61694033143644
31.594768013055926
15.550017247073427
57.463797580220955
8.89191479832995
27.690281392610274
3.3330143424105927
55.03911321247335
4.839197812222153
10.93358645617053
34.842058409129905
3.098874877790763
65.18893061870513
14.215269299663944
48.012239470205515
22.18026936934514
