22.87015916049033
25.10304636276615
22.992876633186285
9.79677084305473
9.232381659852251
17.012267247767483
13.727860771673704
11.148112969809077
51.56890848749882
36.863929017842466
21.835895565191464
90.31993010888768
55.61699303523804
24.81924386932792
29.955777869403974
22.197203173639167
46.79381790424037
42.5578804447091
72.12087179874791
22.300858272586566
42.87281353792292
8.285575399640877
482.83792691353017
54.9375650690735
37.20872918296844
53.60489643159721
8.561287679699305
38.53929115514127
4.904266993408356
32.99033904469428
2.472282499196183
74.1536174128071
28.24264337789309
22.379997833125117
14.251110052519138
17.826991398188895
20.38487366484597
13.8247931448618
41.16144877961814
25.370696303305294
