13.20524225405947
50.31932211767915
6.560249840953816
9.463069413053347
3.0662072650672485
5.508875007107321
12.849646132515176
15.99670435753842
37.57880002156949
54.51082424728864
37.87008246323708
29.53191068464845
21.892357471292797
28.55624523183758
388.6800154243327
16.44702146799628
30.8942639473874
26.792096299088826
8.743244599989339
19.643202976401724
25.341453557062678
36.52481547972593
30.234836066455784
20.843519732757244
4.885314425190302
12.559518842463277
8.220038416873223
11.111773287319423
42.16458864170326
14.547704013451778
5.445073188625699
30.186275297422995
12.4654620113252
24.99585237186355
27.22369480416168
9.731668238246215
4.359440473084575
4.764087632733151
15.501414271365618
47.98794520691682
17.840131334991483
