37.383902635574856
6.106870645538692
10.22257220317664
1.8327413834911113
34.293591319692865
19.15309702468376
25.724270821549354
15.745468103970708
17.739162501261944
9.28930991125614
52.00197003494468
33.06541368855905
15.895360328919594
4.455070315325173
60.503429661190324
34.349107052455736
7.540743143022382
0.7971902333831906
22.282834581925925
24.63548726964285
27.44226643095888
14.339276057007382
13.660525206555889
3.872486269522682
59.00830595928697
13.882093936958654
39.39408961255562
33.19972474089613
63.081279119074324
13.28763263848785
32.61149958905958
32.744059456688944
8.507353136180868
32.21520344829804
21.209054593402342
40.89982693620979
33.6016339286455
14.764424179220981
11.260144139457651
56.30132901381708
7.563079418612915
4.7458151513523035
47.77104232133449
46.95305801607729
15.508649358999577
