8.745708527225531
28.9124198794607
24.167504353788686
19.89574350507904
21.869807051138935
44.95569581063489
36.342850951720166
41.30443823500438
52.55390247609675
53.299563471571915
3.8622012731688073
6.501347940565509
32.620477648456955
16.338038349493544
22.170568460966464
19.18044510078927
21.151159073465976
62.233751630476704
7.6561201306090965
13.314367265822057
21.8859873734267
152.50072152123994
172.70178387182176
6.996944737306677
41.238231309156646
40.906657551323505
16.295911637144314
18.327521117959066
31.52391306628911
7.267694244920676
59.37834926062057
45.27403762637525
30.16601643729537
4.049352595541464
4.5922513722744185
22.148471947919347
16.210678967787373
10.138550521236354
445.29161541416715
26.563965915519063
41.65545050562473
66.66980264785361
