557.8021035278912
15.429817532199479
11.906191196291104
67.55342397291236
53.730994794018585
20.678781506791125
12.79803110360288
27.969946894374743
32.42577830913247
5.718314153028729
57.71822511607738
16.001748999996963
9.04991568952454
16.726657592842628
7.187894975685879
603.8208286382195
4.983835781801034
82.45715815752466
13.73140302992529
3.7010110789642
21.764268296292443
38.52242591224798
27.808924065427107
14.349949767251346
53.665459483250515
19.60481734305222
5.600372726139142
22.85609840172559
22.122708845614966
23.76912140788039
46.98327466136011
44.168367291194045
12.057685073913547
15.762282681226367
44.5234963156273
53.975747260282276
474.50529293888303
