18.30894820623344
14.83282240914707
19.546959686405643
32.919772904640936
5.505221553381418
17.716703764887797
35.82102516019546
4.909338839130584
54.38936261359942
14.493886814215472
3.591970955071858
14.78556980903818
12.437880865945345
13.072514431161622
32.59993106451071
72.7642285859596
444.44702327812286
13.641875631577278
16.992765624453995
9.932334528458924
4.7812839261155915
54.71563470551884
24.952108972301417
28.421112179590352
31.5435116060183
9.595076018611053
45.797178204011004
23.592630805166408
5.431887714728049
41.6129328058133
31.585870475769013
64.52082503577303
5.518527030191365
32.45704037314171
469.45516461074124
47.56657286627974
43.12604580425956
41.02063586025966
41.34232478734688
9.008590545334982
7.1234333973029464
513.0827584114493
21.992355247920628
38.512955250713546
10.96137608471949
15.579260084844165
2.4624333267216088
36.95746075496264
2.521501794838585
6.308601438844875
59.05350635754935
52.966466502015166
11.93630853110578
