17.581386179473597
13.13937263690542
23.06628802187319
31.57199837930706
0.17650912349716918
18.56886208772997
16.503987212444272
44.698690631476595
1.4145915932963646
26.1686201226525
9.123937899595816
37.253330410392365
24.470639196469804
45.49158891292521
417.0540533494399
68.52290027600327
45.24649993963976
17.410896324744513
20.264424276386222
11.537907382193453
12.695635074704398
60.57484898693579
22.9494481039127
28.82249037172602
16.79622805241138
5.595018788029165
18.423356534945754
18.404985031791284
16.049961134897444
23.609375619555493
17.056462071538533
13.675268965427748
20.443938500800826
33.07123530662969
1.1955020123789666
39.27661169454967
19.34569453065589
7.250618213533656
12.575936181882355
