7.980578546164608
17.0943745264492
51.899990472243985
10.741967294755923
73.43425233515256
51.11224027878684
64.88981336528566
14.00054336933431
17.167320643931973
33.42984691398128
4.130496294367347
42.575337191254874
85.84649510174681
30.228522576992944
27.78864778543776
9.723173396563283
67.60266526901572
1.8853199706458952
39.866073099451995
7.334328878281255
24.46820239021119
8.067520617245734
23.015764318324642
17.533823888185978
60.880666429579094
52.34052454679713
6.185794891181331
39.29274293904453
187.26888517928214
8.124625083014507
75.21015087070462
22.947197484334836
15.2734753940927
474.5486219909011
6.834317881204683
68.71046853736593
502.3540762598851
368.48524081673474
