2.0631539912320846
377.7771357526975
66.32124584762929
51.48459642150445
7.234168858930403
18.998757433749518
47.42510335629399
22.73584054863872
33.256406219079636
25.112599972288805
61.2137785423142
18.80524554590984
53.819342438739426
86.28113303243654
16.760362895649166
42.078980281290214
13.740785989681484
63.969301194959144
17.91745127057115
23.591600456566624
10.093221748749443
17.092223569377865
1.8431733920032087
60.61576219618574
11.156215230679663
10.794398246426368
15.400990244172476
5.298629747468752
52.91940227360925
21.935418390282322
8.265648573689177
8.195806804101323
