9.992991558586311
34.834425864733305
9.071839787152285
398.1544740779517
29.89047645095377
10.109346625662425
37.425512480640194
20.75102105523112
18.771276977560518
9.572435712788021
18.923576800770007
49.210933674137536
4.2150965584690425
24.40157247536419
18.10560443163905
24.36633936261434
30.48956077158101
18.811553328053037
25.92475643431952
7.785293138585644
6.32083559805821
0.5359943663209492
62.369404133098996
31.020795247336423
24.35716311153466
23.741674175082352
40.61673286602063
14.764956760680136
23.36177558438716
19.78917465962195
43.138584692187464
45.06407089016005
10.611027644786759
8.785868765719457
7.933830236371065
37.91578072307597
41.639543006668646
5.9036936366910595
0.19736202602986452
