19.704177759732772
11.468688223463303
34.01948193463285
16.166867385852868
11.440724120771563
32.458678098072355
16.720032823442466
46.674538493922526
42.39005677241698
68.68786300752991
8.41644396063866
29.359412823869732
14.90868212263959
5.95514882345941
5.044677331158397
14.013495377176966
14.75252304714293
24.562919099702512
22.647048406978186
80.60747251245176
22.003859700342247
34.90235064719563
15.26250522005489
9.549042040681144
18.257927562117203
23.62437974929597
24.71625359368022
33.58671290513354
33.04015854791881
12.89723177966927
27.33258150938005
54.85895232004029
11.974006275050868
55.58206157456097
14.405526659676866
33.166446159762955
17.887322382562076
28.986257688794808
55.70210152496254
6.774617998780485
33.55907482253376
25.77942960620065
7.170288465891588
44.55704864132599
12.4610289462139
425.16174100300555
