30.935922600423737
33.243457268983576
249.27049700521212
15.7310878951632
36.04819160199469
17.502715724368386
39.29075917404245
29.331495436292812
12.717539433317214
31.67102253787192
41.392825720425805
14.633946328768701
17.202958884523838
11.582714072918876
20.962821268606177
12.577647336957597
4.530219897006361
48.60578498181161
33.49281152741891
7.156147829493619
17.61374011663102
273.7013981061207
10.552257871195948
28.710327976593604
41.95226011293737
33.14988627353215
21.01873564818922
76.17095299798417
39.92725686909728
34.05471380663933
11.052337361810046
23.839807136789815
20.46654816924118
20.195233326784418
9.484272992322644
4.176544637247986
19.550242574655684
35.161236775878905
506.7340831856239
12.685487341326606
