48.26717108850184
39.34156823476201
6.140740100461613
16.002595599220314
11.866315125053802
24.772959183281458
9.343946555426754
9.05785486867299
27.222434423908425
45.21232168806344
16.555371645919152
14.45492151803984
31.5781450544888
19.659731530811626
29.00005567933549
13.33476238642838
9.277176102483452
35.780454935650056
11.735169127948822
11.784733397972914
20.491019740438333
3.663610903031852
43.2995160327536
16.05431462604588
10.636333779878271
20.895449777665064
11.71566444164948
6.403707322732004
5.464216339866255
5.001168119799246
20.288497384583493
29.13743118021229
23.220685629352417
10.919774610629574
30.30825831533113
21.21928704064662
14.503155346503704
15.791364247697572
19.749040147173517
18.703506532203576
6.111562935484841
26.961402617485987
15.882186888779827
57.927606798844565
45.86602665785131
1.4726699074184637
