8.539828466874695
37.80982970466809
23.832815407328297
43.54811831206908
13.21070372119982
12.027289320832011
14.54076370647573
16.962219667757736
51.96315108765641
8.722106507685936
12.251685520746747
176.14085510312668
50.15650063551699
15.878415829345954
13.71305094209356
29.519077738952262
19.4786204618337
3.5173132666828764
15.195318720414193
28.698882026497245
11.732983393847789
12.340070313548438
40.7094648758074
38.46086129306103
27.272693263250844
9.439499486663067
7.527864986398427
21.492442975264822
6.647637160464342
26.503622958679898
32.82934788176806
30.022402322207327
6.545760415501377
35.90543122049381
8.134482527280866
24.074079131357138
10.55015169818941
26.43362836646861
11.256679272268713
9.399262068897016
41.19349488074698
10.144716999657604
