23.35624855822209
21.237615446302897
11.247677893829461
31.736467942404047
44.91845445781138
10.551722140149536
36.16767200276371
13.74176249939083
5.410779536566423
28.462523391987162
22.743192074801385
20.614139864483207
8.825495436632735
34.060554290066065
15.849801711870072
13.741322069199427
32.1132787014393
22.320154589143073
18.95205590419866
12.458839064764476
55.232459713673705
3.4076407088151655
22.913833197594954
17.677181972701575
13.660539796696582
22.629553396849275
20.085668962689226
24.294509118403056
6.179597912750026
47.07158619569566
7.619656264481208
39.533437410791734
27.420039466285914
14.054612918871243
27.693782036777606
30.50382377674137
28.84818904355039
28.338954657234524
41.03112683367027
27.86947158354478
30.685018146621672
17.82721099507404
4.796089235510578
4.03814883455081
10.755585045764377
16.904254452513257
5.804320276490245
10.557726709735533
9.591517332981425
42.927368627761155
