11.32795189382989
62.19677509699136
9.967232298189089
34.18148129199115
15.440116578719852
36.774087558514395
42.488080812950116
65.8305785115941
27.737949064734565
11.353187239235751
14.306424018840346
69.09072364993747
2.89073961687032
42.24025723423519
21.353726828069767
37.29402200748983
23.938034552653235
22.308785283195448
2.829867405215282
44.95063356500046
52.319291890421454
33.670266567908826
5.786662411897083
19.08987637089686
26.974055699399187
5.060909241639024
24.15708791672739
7.65150602889419
63.76767186749289
15.019663335312785
40.89946757482278
26.36208968135122
3.6339630112879746
49.92218436513562
36.1005273346874
19.954229170584952
65.91530882014641
36.39950052715659
63.068972545734326
59.6887251000263
51.34470103462597
1.3434595944569878
39.19568195262771
2.668154894355979
31.486651958563698
23.93239513253448
10.29649265672849
6.355655839064752
47.12510674123476
5.354421302013577
31.66090258052195
21.158741570128086
21.201480811643933
6.821750083688869
27.527748052408896
16.425713579524995
64.82870180911347
13.050884344732339
45.82578485100696
23.720937932512953
40.96162306675865
57.70589039547694
37.52544907579997
11.42252753354039
49.218150365980435
54.012339486011356
29.079385130863912
14.66410742556026
14.779847668663507
9.559618527740952
6.491767494041113
24.29261992820544
