17.4151685949205
36.23356820302472
14.132988641936677
25.366648891876807
11.123967771568616
22.880069972498347
44.0716876749258
24.10329008339994
6.232057191757818
3.8305072702351453
8.284949195076535
16.758553976029873
13.168269969603472
14.978162499250288
10.575807144433327
41.74897561066166
16.21003509146479
8.18865517071238
5.491323229636706
32.6278355213432
34.186061203512864
12.00922518625282
48.28877274387315
25.402571692213513
11.022624836861155
5.80182949683325
23.664723098128448
22.19868862203903
14.304253288462604
19.309349790892398
33.17041777897285
18.85775589786246
24.975345008101428
12.327800454866576
448.2809392291823
16.301633502710743
11.045828716420658
31.750634885392614
49.1508274999147
16.11913623210225
20.231512375242446
6.2597754892531015
9.388838266798274
4.098556934073173
61.89530575766781
17.886801135040002
10.526579620741941
26.1861999870236
9.218613098649712
22.32712142114306
39.50806364300084
11.764703865240492
6.157777074397174
66.27609409152018
3.568749443528162
6.339806558913963
6.928968051024441
5.194435516032215
35.52568246323034
31.450325816984588
16.862276968109526
