5.892996437495029
23.884599958056953
15.978543133971456
29.95270970585065
10.464372798642415
49.6738127224299
17.757059420741243
20.230812614927828
14.20633013293343
37.97912897798665
12.112808965201637
14.82855834067739
14.167300990724982
37.20351419553916
30.653033886824346
19.49890154050533
25.11278017959644
12.197555797562586
22.526893718142404
36.60112120569731
24.238084206829527
11.567084924650146
492.36498957906537
59.498367068546386
40.70511306499084
37.65865843690901
42.073021035485056
39.37358952061729
9.176041080566748
19.123233719318108
16.49005237506202
9.304181758336952
4.6370998609523895
13.17247314222665
21.96170193459905
52.52655782682341
17.634158335611758
35.87855304239312
16.048905357948044
13.065693527055515
5.597271653282462
17.777848344980157
34.6339273260223
14.227641991681253
18.22162993441546
29.994911414480455
6.762003607282139
3.643612603596324
37.54112298936862
7.7546482237805066
