40.854831981731266
66.49859410194915
29.60255036476869
14.959898779514745
29.8551301359538
61.01141214075054
41.83617820308632
45.07326861722049
74.75646041114263
406.1019330838536
62.37962852738984
25.37164169260808
23.299370422860505
12.544693366192803
65.99997329710385
32.644067347632614
24.862721622000265
9.149442245311405
49.65029093399261
28.599916338672116
26.77825330145319
14.917989200260749
16.233119005530966
50.471454700948755
9.578109279833171
47.21156844275315
20.35018591621926
80.24906445340518
30.599461234544407
37.98435563422724
32.162656388620036
38.300530478287385
12.661165431099718
40.788357562232136
54.23125808519001
37.6618365199174
31.953738309123892
