26.317661641081386
61.34204164027851
34.061791146803614
26.83451115909432
46.22806669683959
43.4156730806028
39.30002533495485
12.676545752235228
27.08467136144847
8.071345027023142
48.296301701142056
31.81636862012752
13.850748239207704
20.063438001234942
395.3755159367719
52.49239602806527
31.933678314490678
32.9731075093252
27.051321557668473
7.5801478674867155
25.450460175010306
10.334405490645167
7.914667260990825
48.65182730767735
24.74675031953879
27.647148890108525
10.382526375549105
44.951413510014476
64.1408068534909
15.764103406870788
34.89582513987915
5.2668562912597565
29.901821825330813
14.791099170780228
16.039602301035956
13.17438361935163
24.701572947914684
38.82398283603686
23.75790855939539
