14.545771716572943
42.607049652190696
14.783443987440165
397.15075602205366
26.853113330552816
18.76715058400312
3.5963377426576244
13.237082282021248
22.14562142564543
8.67057824652295
39.796673366821324
23.509298308211726
34.300166005167256
23.51492360971872
9.785216787737326
32.93371517389551
56.46309544146757
10.28263628592353
71.02164286315794
11.939453200944172
44.10929919745007
35.221146104120976
14.226294449047032
6.473929131801441
52.292110065215965
17.76657533420604
18.527917886248247
0.0
66.7780011351796
73.21837318036378
14.500160224664967
45.385734760847924
60.896440315645904
11.069547024610358
18.46799967510742
11.837465804360079
18.729666904862725
11.707272551981703
21.473193985370614
16.763323773837385
19.926126373779667
34.1821431456858
58.16896005592446
21.804392866848573
