10.213501613964155
15.15300586558034
9.970118454367352
27.06726098186293
15.205579428781348
12.931533781476844
44.81431009485898
8.852373574638875
36.96137141729267
28.53962543281058
6.858406290768073
23.539776923312175
43.33566615129294
33.571032667975416
29.07177301633307
22.79053241639903
50.585837646286905
441.43404758752786
37.048258720581714
9.681343775649921
34.86973006035768
30.661278176547498
19.397082404266627
11.279615046601208
7.259213345367016
49.13971373316073
17.2791826285126
15.390417998035986
34.48698688345077
14.445866071620102
16.76717247680621
5.658660592914785
6.636635386859723
41.89550088188675
16.284039872602207
24.247961980485627
35.2183657097404
3.1952779176559716
12.524983636675131
11.856952836362026
46.10243273103558
25.807115960660383
6.719613558442873
11.761628121600864
47.605877313944305
20.638840513421684
35.85173626172349
4.029953479816555
7.641472192542707
5.743211237699953
5.99816172048412
1.2574572683621028
3.7648812863636465
