10.536891444321611
13.493529207399078
3.5449649673214623
38.58937854958501
68.21890877662618
76.86383388939245
6.276331011526096
55.02377591349334
68.94957397416252
29.97030613259342
12.796902325777111
51.70834784016144
70.73320622590498
17.882292480379135
16.910736098183506
46.92398360340498
24.98544471720767
20.025045959168423
13.601033007340021
25.48125812989622
25.563402029686088
10.738475675056051
17.098244641850215
6.901857621187901
29.52727090890258
9.558580033382682
17.79637031595186
13.571323800738924
46.48914021733418
37.65223805462708
56.290347266181755
8.223753594874893
30.24519929208421
10.011518937786121
8.038476494209803
11.064578236560834
12.943696563078404
17.681740505351144
29.358498663309334
43.5821535883713
