28.29215363210612
16.70968543064896
22.068461170743234
26.200491386607567
18.864599314100644
21.613587918455636
9.41406742723521
11.574987626963832
41.181389606608406
13.05438086684913
53.87348100254334
30.360549529401283
6.706206144928274
15.999355439031376
48.447625407955655
46.13093607470873
9.867773820744318
8.902791899114149
15.522905201067516
25.26852801773272
14.608778841744424
41.043828864302924
6.3537808688674176
17.82467469493733
42.568865656917865
13.595383318693564
41.511462027469946
10.401484286752662
438.7975598359926
3.0596031069063514
7.3006923853337895
3.926951670818241
60.795711279972764
44.19391493669778
6.981240415525193
33.650728011319
50.62010027110753
28.354278604549563
22.2445088045514
15.888954367710596
21.194883176390533
31.869865498283076
38.47790484216486
18.253248808002752
18.899765619026525
10.821198067378418
19.971843397444516
47.03269572357392
20.917066740216598
