33.23481314334239
5.168465907700664
53.32041017357406
19.37055576717175
9.520584600220104
26.089206075559332
43.83562668544475
31.33328950746221
292.7141831853101
19.807509220693333
10.2755821476498
3.7109878561269056
2.452775068527316
47.66251386668631
27.073028530586086
6.677693288451934
11.297860805556383
73.79874236193538
28.497027718342736
32.46356383668764
34.94224987179483
45.38902051607772
30.472539669791345
23.341978525587677
30.888628445482908
11.364893337525572
30.91259267109821
48.321979163248386
21.98964411153281
27.14890738866569
7.161837297070662
38.837795288931545
18.197091024422306
45.58275019060842
42.73318478444469
14.03675053436804
36.26823473266076
20.65516805426182
20.686682814890375
37.9449898988822
6.345877876539319
25.22324503130274
33.901163592627086
29.37316362121078
