8.122905336236641
49.45630707258937
42.31877303558829
490.70380740938737
17.46504887847439
42.814894747089156
12.488121356048083
56.829209615200995
29.35255508834453
3.3018543846197304
20.97774560483802
28.48645631388453
24.206918351451407
19.342437833537872
8.0947533443304
73.68080752033227
11.089300428024472
14.29587919438157
25.974168377482712
35.87740330543291
9.396596250624526
18.797235478104923
12.909575281867944
31.133116651522712
15.9325283938322
51.37038958601261
5.652324950186198
7.158396124656747
17.603466206646118
12.056387385342134
5.610013513885789
29.99286902588962
39.58386849133733
6.434194388552044
506.1357942318217
