14.93942997495509
20.1171118319033
42.41893377849607
17.070128365405992
20.187205772854696
52.81068544180199
8.574287189337213
48.70764815465435
23.63597189124191
39.08367602905864
2.3401046001848584
41.685208654408555
16.168454292457454
25.126899073602274
19.665241170289505
9.502973056731932
4.3175838365292805
42.744793923251095
19.450040079694986
11.950711009271942
33.7943149829987
36.22000812278384
33.982586793597406
67.46391992851466
34.87880868716974
9.182810567199198
36.26764929072017
1.110611589874381
19.338016459499926
10.098443284165214
3.455043880511255
23.07572810831229
38.23892720958494
6.287234164070895
9.43891319523351
15.835417178196195
14.405063268513416
11.37017246773604
30.855129099191586
34.07016386500243
11.280612037905044
17.27308670648901
7.086325650431391
34.3765713123653
10.777470816925614
14.837084522994758
8.94842456597182
12.147909129485114
17.311932445114735
