21.114658111156217
40.84724214218987
32.65360953269479
45.26485177132754
15.576552261211475
17.742383623787205
30.95903297347128
40.18100415712681
22.65733359094925
21.459620017240866
11.817514391377202
24.56149443418012
24.224601465588208
416.52477968787576
7.393205673518224
56.616212323441076
20.278311116031603
4.271603932463478
55.83185232505291
10.336879314348238
21.27912747744996
51.93782702569392
31.128004741377254
46.936074839401684
24.09509105715084
24.927524284498404
11.207626841071075
79.54070230160883
26.127628655271863
10.202267705498002
45.43310553248263
10.447367161555007
22.03413249087494
0.38276570334255666
52.251668816594744
65.18163628256205
6.932560126295968
4.178503390174697
43.31988056243074
362.4566847959853
22.69352560059373
7.724001569054863
8.721242027563292
65.15155915457913
472.0780838055206
9.66354697089848
17.083827233080896
13.806186880640183
33.692691773067764
21.382787461408995
