43.82402718694392
4.242728075168145
335.09567257755185
26.42635155919541
26.443548948476533
70.80260623149735
4.54597910248647
4.926735416728263
19.148004192944825
16.885409650928707
14.608246228120947
8.728803595443424
23.21357899663117
16.318638417912666
29.417509373026036
22.137873182138975
26.614187530647456
11.492419152994103
16.660758848785235
19.541405803027445
13.975459326628425
5.920183470154399
15.392285013104143
15.594191712779562
19.732092731837483
7.267339106079362
62.622056504101394
43.05395187175321
14.563006300193067
