23.529787220354464
41.05306684226123
23.89853764815635
107.64516900904441
47.00213212577127
17.793828292134208
69.89293119489132
30.610949592652588
461.0416443101052
354.0811712975597
42.92027297348716
44.6580352576584
5.857464586279107
35.472420824163834
7.395325198681093
48.277180697892106
68.18947417900887
18.134802923445477
461.010559299849
15.009101163666443
58.42635422146061
42.15409709148204
43.27234390700653
20.176145814071006
55.31879957151378
447.9863720761741
14.399672166278009
24.110436460741838
27.090945001105183
11.525055248006495
30.796027781302627
10.124038592388914
26.762059733840204
37.57219289718623
49.1936455985099
15.348979761186015
