8.158831440771891
44.3188346451125
36.331750820138524
5.663899336622023
18.856120572542636
11.220983705230339
25.427289657778843
28.525446579654982
37.12176921886028
38.79464737605721
6.662050210900986
54.49008521146668
29.095469419871037
11.01045905767566
14.610816932585664
42.764822514653545
26.900588413466537
33.54802913825422
31.301254103891523
11.972302888841497
26.15614934185801
26.102785893131298
12.592972861815667
45.47071803719297
24.536881713012036
12.167934872406533
421.6641801126883
11.894414646687636
9.373662841974806
23.756222825404137
5.400298840365977
67.68779471556945
11.994440374624247
429.0190810254834
27.024588197056246
13.31818628681404
37.6035249325229
25.9949699309997
14.345344080971302
13.4944921510819
24.96766580265006
50.11325047263307
24.368573168919056
54.11957414447272
19.33444922340999
