19.652128134969573
29.533122858911057
11.351621653327783
9.778385583271543
15.57468424924997
441.98091373125874
48.6272610680755
28.056864048360538
31.178068235906963
12.298666238551903
8.992099674118009
11.916762868643403
42.15867793619621
36.06200012829052
8.816614242606093
37.89990608659568
30.350820956270837
37.8053060434228
19.48988685978061
9.467612409188305
14.928732171931856
18.584931311348143
3.91940820952685
29.849588054669724
24.782727023476355
4.332118985051608
11.099307604483243
16.177959901660643
10.692050958996148
31.861846300029256
8.907265548525885
17.07854820896435
32.07944951904413
23.59451495497025
6.612378716890873
8.459578037322416
