20.532738283970644
33.01172001826538
11.049461663968131
41.94687794278373
5.4281274464583475
30.522656207213856
62.65394258902897
13.964370922936268
27.67319672788325
16.291311725173088
40.95298699489629
34.16891877880657
31.5562881973933
18.28162351798406
33.8126016806998
7.8339164823460266
31.314502953675856
18.029908950769723
3.9723599562529444
28.828591965721245
16.620554998765897
2.66948194516425
8.105745174326117
68.38932885266605
53.511389514911485
18.422615890637786
36.52384235344347
9.732480081997664
18.608654649219247
13.222866239329477
38.12170288151604
20.193795360985888
6.982412256657824
20.29459422811796
11.190457912890153
49.03016582792961
40.90594809527717
5.401869848348696
8.72006538705891
