4.74995600342757
34.36689531506788
16.697784030258916
6.979355219957654
6.837193187437336
17.347659885020988
21.029043320996124
36.85730443634236
12.246927298017837
13.46504105084827
9.845070382124547
25.706030444270155
5.4168834859587776
21.516006231011232
8.852376709577825
29.932540149967096
13.951388834680017
17.712014619593162
8.830901161947267
55.798377959497
13.751300560395904
37.72604552513161
29.853991023711984
62.339843088952776
9.309195156092997
8.985867942939038
36.12576206285246
8.522108436229587
24.25718910322874
27.43319478829021
81.04053462066005
11.480760812721343
14.338813958000827
36.04721967018422
21.52632279956356
27.774364135460672
18.02288801041172
7.658156293035205
5.837245031345859
1.410399280446967
9.596778816333256
1.5206225751354765
17.876658065563376
4.254085458551245
14.654876615337855
2.101034736819898
