16.123857642247046
40.052202418404946
27.888845273620433
44.41669719037333
14.470071255511527
28.324261653847728
29.117824875562036
40.50404981996374
5.585079886257091
49.50652975176041
28.792117130446968
24.355735864954013
62.403903420223884
30.133140696782306
21.372973737260324
16.942981493794278
46.691705538663754
41.38855719892004
8.524955961841428
34.96210841595294
17.660582647134234
49.21824873198865
30.89230697068956
16.520175405611283
8.670277347915345
6.657123869061365
71.46108525236814
13.513654657818336
37.32995518537075
13.657681954394391
8.561409561543755
56.548309700853366
17.569339155035365
5.782059829801341
13.519129587791696
11.255258966056886
13.775882101042939
40.44898685611409
49.891286128101896
25.810476618563357
12.994650329358237
22.46545937212744
57.84436308192444
11.017685303731156
15.320166004239326
37.84455262665189
33.20893413352951
58.540453865343295
23.55007541406171
25.203197474116465
31.664072436111425
27.514388790439966
10.47415957248269
43.87602496308327
