6.57217578359645
21.229136280546257
53.01982521082034
25.195914921086427
36.40456938744529
2.770523695388178
39.042646827808824
22.742998532656458
30.333246422291623
23.06263203506103
31.7077997670215
45.505567094551665
51.43148576972624
0.0
51.5299146958605
12.078351579353253
51.75556237704568
19.131460731332453
55.22501809048295
11.607708446801851
0.7187446269827404
37.62595211694605
17.685833985545614
8.390178592308388
27.18263187966248
22.71080118797809
20.606620445011075
40.567086776345164
7.655569032008501
17.328358432906924
15.471557795319242
13.70967180795428
53.37107297718681
333.51071538149836
13.18299394974352
49.74169069264369
23.25093962674235
36.58596840645491
9.524236008628947
23.28827343961113
40.35478994919376
49.863062171078454
6.6594032875702
27.847217215560704
5.4393988874385855
19.775661725296544
27.209875963292006
9.995442145640624
