30.239383997601706
36.114428217063164
8.56913023866754
5.709368654227376
63.326252362130376
7.720856321694924
49.56345528139909
18.252133183856458
70.23988783003061
9.541037367130357
33.049647018550985
28.64556422758197
69.81555862261341
7.381150318381486
52.86754393487132
16.936005748082877
11.537053595131141
68.50491405729333
28.421844677462474
27.436564654565586
44.71659215942448
21.85000568569643
47.391286846298556
13.981501278005425
15.497648043991106
11.22055594921423
20.820800188164057
30.28222505061109
5.684445178286367
16.54301408573697
