30.242793691144485
25.67833958497225
39.91811449595038
25.520006156804428
83.24857854054807
37.472997163549365
8.670093928206057
4.335767951662433
46.6269056218911
16.163084116268294
16.652702530612032
50.28737831135723
16.716162429854236
41.12555045147819
21.002104702326136
50.602430287506266
21.805934632309473
27.782739121466662
42.65154557168887
4.588668905840876
8.89297536106156
5.435958908758408
57.09197246640433
73.9630286333568
35.14365583021805
72.98995407132043
39.67887821546316
11.164797576363455
31.567798195694962
18.103027407609844
13.031196389518854
55.89297730628759
16.988387040597416
18.292937625141178
7.726954165921157
20.352901057445663
33.590972024276766
29.829326715106305
3.501441229343669
17.538765447524412
52.7976628418148
12.306329067572008
19.310715798081446
