35.47476570494422
5.369573858700534
46.29788617896236
15.631302998943994
41.39045948334227
26.387945986322237
10.772900250227863
17.389344627423966
13.10939008374784
43.26639578385392
15.919395730780465
68.40061538823025
9.272347455223937
424.1043551047669
35.44686255761992
10.12576651522572
11.268163303443657
4.782957699552782
4.962980727342867
20.840900903242016
15.48076737764552
32.49187166819901
22.18264184910842
12.13361037784594
3.434475483197616
5.934620032278502
5.2157024907474465
8.735568298049003
49.625995760576245
10.294189518572551
32.677975075362454
449.8508628820432
64.62811615050907
22.3072377821791
40.48645506162629
25.66059243183598
13.033219770910264
35.08614131521844
31.36923314111094
15.441454456705458
