25.469000917819244
51.37590331191359
6.8670452626491
25.43599637011755
6.745072782089835
39.387157501183395
9.996637524665687
33.734448519239436
32.24103813083849
13.748326130601527
11.345722800999795
35.05806137172206
33.20015803141551
23.914611678228383
16.989971025846685
7.954054751362904
4.428553883697106
12.507545293965393
25.906315538184074
10.597588612104943
39.31234399091906
8.663184060032847
16.090666433954482
28.4916298647789
7.643015797296911
13.064794056639613
4.3209268891135935
55.35129988695758
17.387340078518164
18.94810500185733
6.604935310914456
32.258645155757506
18.39072223773404
16.56733909402169
15.58974530805682
30.51889900947279
13.467414556467787
6.19236523752312
7.067605053620397
