12.979212565618766
34.890590143850645
8.256490624316854
19.17736965024102
9.895063442547311
40.92027855520442
330.4532416193239
18.839842968073484
41.02483126430556
62.81811249646563
14.235449244454372
35.797337425669355
12.66101849723043
16.03834984546819
37.74388452655556
27.948747513653387
14.013035048512606
29.57544666924811
11.273926476815376
51.47013024135774
30.49083807955779
17.818315478983607
13.538967896955839
12.418399353541673
13.169468274193605
43.997748874129854
41.92716485170094
28.184958310024655
9.163555071232565
25.339364235761806
56.73596662077372
41.78552820191831
62.166500493388554
19.876903705263942
27.39611189471546
17.842606203064506
15.250588376024268
50.83825053510593
53.39349940205025
23.090690792762217
60.27516011082113
9.542946483712399
38.17121530974708
45.62519633197712
24.9928096019421
74.72289153793575
29.591345108191803
23.47038845853008
13.61395865705336
7.51886036121347
8.881769006071423
64.18370253205552
33.67398692458178
8.499232839340394
10.326436242852324
7.427557834172717
13.977141025151226
2.8171826567546248
26.29835345600837
10.00307103249878
69.39161545146635
20.034606571967643
46.510211662585434
9.927475242384872
14.173034675123503
