33.491158155662646
22.238288019371396
44.27480916288671
40.81164119344095
7.342951318398107
37.910720175069784
34.37893671683841
23.146581451696107
10.223299899896219
11.772000097908233
78.83697204680928
69.3647573171974
10.500759865072467
32.778646085348996
49.48573671661467
14.569793645718562
6.180611073918897
38.719018836983395
36.66621531065587
22.387918237159866
11.956002812760431
63.32867970945452
15.942211163438841
20.711302621005245
14.670473214683696
7.299332690022013
3.722720411554519
51.75468736591064
8.545224704143351
7.755607656899684
8.538959468130571
