17.786575951502115
48.72617022556551
40.01574520917876
43.478375470849954
52.29469891740342
67.73973713443354
18.078212762896896
23.82589685208231
15.44449790783014
53.57342663633071
6.505683718579945
14.141348511947669
47.34834430115973
75.29797645758724
45.136037078870686
32.361288622326555
8.551101275895675
56.69065305095695
29.29794578319013
71.50201541528915
22.60424534677088
8.31803427954469
39.206689609678506
11.229745671453514
33.88640272570477
13.505709982489833
8.03932718970799
19.13263174480349
13.479432174601612
61.54127865220549
10.064511884969505
31.6409287034478
24.10934139701166
36.804355406944396
55.20607626237677
42.993473429336035
16.873163897760037
66.34440111502212
22.029471818312302
5.952304193456314
43.965555526114684
73.62954017938159
