44.22376235199427
8.087328580527355
17.00242403677923
454.44156977436137
5.7965275276073385
32.569135645871185
22.93346158565133
14.525741298339867
46.200061693446415
22.4291597568878
26.321051255869094
62.2181798341021
26.966186096491413
12.956197153978863
64.6675409262577
16.831724694967136
11.236446046482598
4.9180749175611
24.475266111906137
24.79650675369942
5.997753833976489
27.182119697259154
36.33446744675915
25.12196881060825
45.60588578446742
21.184029562882458
33.81712990964168
20.681154800681256
4.226215142298855
50.54428732604086
16.478871229355732
27.826771884998067
10.764488619034069
9.521212294787404
22.418554294047084
18.427751588698015
14.565535277368426
12.52350407085244
3.2744604461176436
4.9730901218222385
37.738635605006934
8.215763290307336
50.513354147724655
15.188780921868656
6.364000596784592
51.58940954710454
32.739662793319454
13.874717358069589
29.963698348214663
33.94781117221687
