17.381309035006623
18.936768107471593
6.820488163705022
5.987078792558918
15.574684249250126
344.7011114355772
51.914598297439596
28.219547381577698
21.0797431867137
9.056933325961808
5.306816687086837
12.306593928673706
37.40967110095528
35.589304440186126
10.077082371271786
31.077113673095468
16.08667725289257
33.44579182964465
20.117437329843213
8.026210860927051
13.62761839768767
17.27131932751024
3.795495494503342
23.17222801285314
23.35009895359319
4.429451158470556
11.099307604483329
17.404426272150914
10.69205095899622
24.7940426446782
8.9072655485258
14.793404929648247
18.668525984061944
20.928542219531664
6.612378716890873
2.832560979008136
