7.540187456739105
47.13012717898431
14.404676693304339
9.229406714503554
33.70672908816722
9.609134451496857
23.343946440817376
5.060624818839315
34.052968183700116
15.542855329421599
15.243897049746266
5.406868877556747
377.6818268579772
56.1810605174376
34.08999877734695
30.979408891964326
40.63367998228057
21.212487604974484
27.31862890465868
24.56942719013351
19.1937054907242
13.159057377613237
45.666986033474714
0.37466457594457836
22.18103327676036
29.98538395551678
20.502725982834562
9.992709871004735
23.131548622398512
38.26601817521379
288.71299558586543
14.128806044403774
12.66552462802187
49.45535518849205
14.818708279510219
50.21567266203995
13.33986670239969
24.437570536454416
31.070394913400577
12.316980124757748
6.776404013019885
