23.963499219383962
4.962692307560516
24.589229029049562
45.585253978783456
22.43185452423073
26.404637754425863
34.504100240882636
35.646264680293015
23.974991467480123
3.908208552126254
37.09648021576983
4.921658372932612
37.29778752959855
6.703587622059203
24.01493771544645
103.00806624693834
5.231266790160589
15.177657860635378
28.176338651064768
39.20437923600669
23.833097264879484
22.303742896882113
25.334257658007715
9.555077210730076
55.48638747474314
222.893441261839
16.640854092644986
28.130452001219183
6.4665703580301255
3.1493318070407383
7.1439007978789135
