22.102791278642812
28.40586664302063
28.095835117458137
12.844468549949596
37.28781632244477
30.000002077922716
47.13411281874012
20.00481867814233
43.96092532700024
7.508667523519918
0.13543387598338086
28.754568136944286
18.240680827765473
12.94407554206299
11.63266171243194
23.54121964036233
14.534892952006786
1.8054782582279785
10.211929629512298
27.299879821690823
12.173908669629583
22.032044837754725
17.957413433736875
90.17099635359277
41.93357559528023
46.91668263819777
44.34044844906164
71.5549186677572
