17.124920412376184
42.28394182177135
36.73537487423283
18.919169880325626
429.535974685964
7.638467104978304
9.2951105202593
45.803626411705764
45.18530207587936
21.987835680856108
23.275231486760248
15.776840868620383
6.032226341699555
38.27827097277277
10.560143784283724
26.951867182108884
10.315932564959013
13.311715769469686
19.911999169688386
38.295633404781086
14.982768617503822
37.878700579726384
37.707614449124065
32.62492930782756
32.20683984103108
19.812887265056446
32.746345788092114
22.636313708852597
11.267405565477901
35.56837309003775
46.88740194632423
48.39530459354479
32.7060853092033
11.974185781914713
9.078405949779508
43.23162180437268
47.92335276763619
36.914246510915476
15.78848892637285
14.291427685520219
3.315065495953746
42.87842794970801
8.219212428220501
7.3220295541345735
16.63102023198006
