14.807166090789451
25.007784310148992
15.718145038800856
54.974773299485136
25.486899068481733
24.707338110748452
26.38924991636698
35.358212679220074
40.58701261135687
60.274923827622075
70.58239075726988
18.591791142336646
49.11729913093903
9.709568908912274
21.587678496450792
65.29183743078606
12.7584988828673
46.73308035817823
7.872675368459312
43.77343461459196
6.097361603306979
2.6468541991781365
29.736350247619754
57.01172111452985
33.84640760224187
10.203526086022407
33.91697817141255
20.277248918490116
46.8371453152005
68.13073758059454
5.3816638598259345
10.037042005849358
