26.276560405283135
7.637869936518797
8.64525293040056
52.60263293011596
13.945910363865679
32.859621897356945
12.445107279914822
8.016118367678644
1.822581763073586
39.0302409660776
5.29590102651683
57.23539699094471
16.564625756569086
35.4118591259992
54.93520759594145
31.564923643600793
27.281930593015304
120.43046328122426
490.9584855304899
66.15321853241835
56.209979108525545
31.405167888061
20.564531640037274
20.78910071778043
12.296132594546137
59.35038112067119
33.38333363936272
45.38763841891934
37.41288786111497
7.168027915507636
35.73012914437241
16.265902879620597
59.01372539116292
47.444216166247344
47.15987516406139
