6.3814939893125455
31.695202094791497
11.30165029810722
33.606403696973175
12.066061063518532
4.705932858688001
12.285882806139398
13.036990617173515
24.500565791393115
49.47284767641649
10.60038638410741
16.167648416956496
16.2750725425647
9.823938663373355
50.46291253269929
8.636985996369333
18.626950237412302
30.47724939877834
12.24073397977493
32.49498664150596
20.166618615330663
21.649915378206657
24.64493575106053
12.861291350943418
29.27662473393717
13.401681719011208
4.430571561698628
54.76599149842542
36.56297869476468
11.85344987183474
0.814402841231697
17.264521832336612
6.248666642688235
5.242901391308536
41.95500482717007
38.36683242326775
49.886665932700325
15.882007331565717
19.470394636924453
36.40082747633522
3.1707228244903405
55.44177886287571
411.3755255028155
14.318124275551682
3.9129165970851574
48.649040687158205
56.029873925873545
11.51891378744709
12.422722764654651
33.14976647234444
33.54136035860655
35.42175814776023
11.67257428880356
40.4047263180224
2.8750247581517385
