19.13572407884945
37.3744379764028
7.940792222732966
21.991090230328297
21.887809744242162
29.495654683167047
3.920329623100173
35.50544496746333
15.640671931014367
36.83194069775003
55.163154848582366
68.55300582811111
17.832147192310586
14.872687589625428
41.42255857536337
23.719979452203702
16.3198993697316
17.93019700685761
17.274645317721934
45.897715681243255
16.010953401872698
44.00548123948681
24.347400670611165
17.82335456008532
8.10109208770126
14.992917532851237
7.02265270707575
13.145560158721082
2.6415755856313865
17.85960764554781
46.97966468574384
492.7677321635354
5.323248223833559
25.80447591155432
49.37346444852365
55.90161852149768
49.53417602026592
1.5715045770045322
18.65515258157511
49.65792619437558
40.3982307252065
47.555188869127306
28.598928394816795
27.664034800155775
18.861430136169503
7.818870834150573
36.192590271878444
18.2521859180751
