14.207459813483581
44.33043729617384
52.69008629119632
34.658454452853036
28.123492364854314
13.004954205391726
61.19855270201444
52.23826376296793
9.969405209377257
42.35182581696546
9.532915351575411
17.2053765029182
51.0435245393375
47.031512798137456
47.53304807069925
14.594807765291335
17.297306425605
8.381007712668733
27.644748235788853
18.089789304599066
30.840857296819422
10.47210909687108
25.304876351178464
49.933665032849134
28.054090327966435
24.040821755185917
49.15889756503218
15.481861469926997
13.647193717709726
32.4708106255073
6.26146177828484
41.17892592508548
61.393626195833605
56.696713461957856
52.1387393578714
13.17929584117286
17.46830961884379
19.75525913632218
5.937057223899785
26.086289631989814
52.928953576309695
13.52970462218805
15.776201800105113
