6.700962229156033
24.506552085996503
37.980544386907695
19.284669754766426
49.04603002105408
9.12620355697365
19.032992683374232
20.938599589234087
21.958936220328383
62.82087293879775
21.32778474662254
43.98723045210777
29.864952652978502
43.88598587547527
9.200730598582382
37.26394409535432
23.86203618379014
33.58691505718147
49.765997266908485
15.630615278656578
34.830551589836475
44.837288591191935
13.406050548129286
26.17497131957292
34.85798869521517
7.859547034834179
23.416920210585687
24.66364400817173
10.157305031019632
16.045962196400666
9.159369554792235
3.7745845546315735
44.986718206530696
18.849338571056208
11.399055164090143
27.43528340890721
