23.856598142455056
33.14062516745008
7.099835926530602
26.030990248341368
10.086805954913729
15.293295641225654
11.919664224319632
57.1294602926244
32.70214725617292
24.686628007574086
36.7890851389443
13.470632310758106
42.862052872890814
5.258326826829176
72.36061245003906
16.71725724231281
31.575267095668067
28.693185526889152
14.31123638001668
59.826107676106204
60.73565557274922
57.63439377019125
27.13966334947493
7.693144028770661
8.849298486862637
18.59838201199713
5.835023269206289
39.6307272270499
12.88944532425461
53.743495819924505
55.875256603575934
22.628567435581274
48.36490941707443
9.779605660527793
64.84513594166539
23.06638053055505
18.266852083854715
45.96283548541096
18.328542020206115
44.213771676074444
30.457551103347882
460.98555857319013
40.7518245147447
45.057741697314256
21.964761150571917
61.11424970099519
37.518162239709014
31.161658571723677
5.345011284386558
42.226130300756324
25.26349232621223
8.67071354889788
57.44844909706822
91.37742714038576
53.926289179018056
2.0362004580622397
57.15101032649304
55.97241020096759
5.006169968606983
63.74169601028646
45.770795036911565
14.46932885748933
1.9255580180181084
5.49719232833624
11.23415063198749
30.192564370060154
8.732612182407195
40.7583944830474
