17.617521646189985
38.014800027217035
17.808658840832493
15.771773466098367
46.92184561666387
21.44547940810037
9.066036512213827
26.783082432943104
29.293936342946722
21.887943775556096
26.158127658367235
51.16472110930263
7.63211064079853
20.4493037813359
22.830208788302613
6.160985899129145
52.19023262402783
1.9829628535268569
33.703139635538506
15.825252946941077
26.49883369525483
11.612074082348613
5.20288147451808
11.537310300686698
27.469890744771917
23.920299197375087
35.53981013047478
7.6531485191850095
51.75023646801547
15.17317560931923
15.419125696527175
26.020804796939387
24.764032462503295
