16.362579371096984
17.746396823697694
55.04437612462421
15.958029908057526
3.7000800533330107
8.961282044254673
11.025222757620682
4.028703486170258
98.72881495764845
26.450172496920302
8.980541219992787
154.35592913326298
13.784904364221077
42.0700540821919
9.577711973168988
16.58048624821781
163.8233118079748
8.794755220628744
9.992055794005765
41.48550465796325
8.5823834788292
37.73344706681655
23.76935634680602
44.76807700056398
10.19421086213859
16.85890350032524
38.01388190667009
25.93919610166202
42.880930928491466
20.577083048894707
12.485337633091078
20.36282790048267
5.357276306324408
44.86083639927726
37.54869596743606
12.234934871858172
