42.648716398616344
28.277484496612473
23.766295713420902
6.501491817007647
25.58143141360965
18.06656838599558
23.753499022207606
19.797717225822012
444.3600103856682
38.81008489209813
20.038075221035555
8.726686100024722
17.53900930633546
61.246732700542154
26.902871899026138
11.958605767913042
37.6728293841108
48.51541010449678
56.16746401762187
29.524353665813223
13.360964706458134
16.598683848567816
21.837648111096144
83.34408348062736
48.42459084818459
9.274159315420619
3.7850647569644593
36.96259198419729
47.60411962846325
22.586877686797635
16.10352758831118
66.85238042821608
9.03498948940485
41.36083654385001
8.838843840124056
3.0886608523124295
5.017651470444079
9.093518652422759
23.097406338325143
18.01294224220996
