9.841720322206811
14.723913005236312
7.533472336371659
21.66539807995511
13.414275548788865
28.888040875882524
40.64768211297924
27.213399591564027
16.187636605753184
35.547702045959085
6.268141267217658
45.211247565039145
35.72287575490495
45.69986623368467
2.590663872485109
19.831848826191205
43.3650004929638
34.76667590871956
54.33419216737309
37.9218082557463
16.387203930152566
38.749262080140326
46.13997597512929
4.6827153741038785
14.931873959818631
17.566089747650295
12.196653531332046
20.5249228753963
28.106817335718233
442.28540152268266
8.17122727103073
11.223869024415151
5.527318323967378
4.673107210471343
459.92195998125516
