53.57149642573147
9.433495510324946
41.32463017033595
38.307087022030615
15.669528402804602
8.164822948141406
32.76657235345637
12.185512465267749
36.01536680580507
15.518802342586483
11.626611570800407
17.45431534312661
1.9448384422701679
48.11404222612788
39.60508124871639
11.894939780917767
19.43138569516593
4.765338971274218
55.316119891959914
1.3221981259899422
27.09982808051707
22.587011891528334
57.084626899376275
27.736873492795326
24.109846317880013
26.656338416807273
2.644124235791324
34.019378891289165
31.24112603448522
41.275313751231806
32.58418201627448
3.5116442479547914
8.03020712241863
1.9294727960658804
1.5075766320754411
26.852502361786378
10.598040425478302
36.077981974064045
35.415759699720724
17.92364582168321
3.330516414873543
12.341868788167886
21.18695150064748
5.681510003120707
13.277754042624537
11.692914189077214
18.76334864105023
18.41889366303917
30.187602759547374
36.88875253817534
21.62320605378885
19.050940319760628
24.846512252359645
23.653515118479376
37.67054370401796
426.0016385592076
5.69591942334263
31.884706980129593
19.314080991976596
17.015588536043452
4.004005729575894
20.00293577712108
437.4742607602665
