29.436822263789082
13.982787379861733
12.117915661988974
7.946833895195937
19.32875522992876
25.700391272397766
4.663857626621393
49.407772762560114
114.40940708202487
58.050060267800475
68.26866624548991
19.265208555406844
11.364148251931908
14.194337014253335
7.8159307401179205
12.269964972763717
39.52799849444614
40.11756884649536
64.48996087596839
61.26811223090756
66.2700983337314
41.273719195796474
52.12163420545939
2.556649037202334
19.88730579945974
34.176768599113885
65.69548205212237
478.8077336158735
8.386634553070266
