32.5347815221277
8.308725031464263
22.233913451993942
32.289292966096724
9.664206956264707
17.393749063945222
12.7453691919944
33.96908474601881
28.80048711306722
72.58899610931637
15.805384194802997
29.94652260361825
5.339096518283554
9.430132586167502
24.17763500605477
17.14786464404112
5.854485415382797
47.074758351341416
31.98247329762799
42.098037267672424
27.159158837462883
34.78741649905071
16.974499302782263
4.332569016262255
40.52542328102908
260.08684091367013
22.147497526473543
13.681270625665334
12.6356765504066
13.993692828174943
19.304402610633744
6.054037802599737
51.536656282806234
30.74836342075858
7.656308875548461
65.00503538716163
5.759634957301131
17.1705209067229
27.665852202497817
20.966676326249
9.123630366201468
10.335711581600066
