6.859449164284214
22.911338386931433
7.542938890869806
15.249025890921175
26.241178178287512
20.736531699973852
13.774989173034825
45.539476844244405
41.08281152403251
26.789869410609754
15.548883920897453
13.813367421779859
14.243644741049252
12.53364421758124
35.12807450852411
34.68880718326588
21.54059540713027
263.38682363805117
20.731532218385397
56.45886832326917
18.08741257862414
19.81259109058354
52.00471938215854
11.904886417347626
31.253865021386446
6.894895072039816
52.1650386699084
52.5364851317819
20.94277182098665
52.77962547696974
16.083378396071055
