27.431234017884748
45.448616460391094
5.668114299750357
28.740189091828142
57.03735866253302
32.84014404010888
80.51543391263411
4.008316408419887
28.39163659228859
22.03655166218877
3.631671802820364
32.07512741420223
29.784731646506145
17.859055395154243
29.833739027762107
14.02985508096205
59.72748024272323
65.83304841445681
16.088220427533173
20.463444042934753
37.51385565725788
13.975544950211855
70.51508030518929
3.0003315780069215
34.51312784161965
7.236921616144926
4.385392496456632
6.691064889073104
25.980915938538843
9.175884587764926
9.251507182419573
23.826536944943882
