53.34863892150456
46.87330268867639
18.399457208940035
16.95532905905145
15.113977057087084
54.12025998909604
15.561062004634948
9.33316936652055
17.4256563343681
29.916321584384505
14.997686662167581
9.191451393675024
15.151775615573825
15.547568135835036
49.22027013854546
43.44326237681027
5.451934590570431
39.339193910641086
37.12191765607541
14.487597958635519
37.82417053127281
17.278838005196675
431.9414576008404
4.918743469411027
6.392366397124931
11.287158595206108
38.901091007573996
15.11908241307846
36.664571960962036
17.24815380600299
25.45699388609512
13.801678082946125
28.37509493924206
21.19631946316673
48.94198558467386
23.907102068764814
17.932508942660903
35.74468991061248
26.105027267535007
