13.007228451880906
56.55900050574793
16.66710154021635
20.116654320312477
14.9182487901802
12.552087851655529
21.46460942277629
20.945405630172573
20.391671795583605
8.751549284074173
8.687487119260965
11.770812976729218
34.57233913710567
38.70187239753257
32.14257619507822
36.807380388104406
19.135209557137813
7.543841190185191
77.29450752597918
6.416741399209798
58.3799018333672
32.861540032108934
42.86566189764679
22.3295945364535
14.267575607381673
487.3775718327587
8.216918755462629
14.426330581281462
3.71585655513573
59.10246816166564
36.968394384467146
29.44996335296834
9.912139509060523
25.742965491818723
56.41304200516274
4.788101438874946
6.6721953572842665
460.2791166286225
10.65911479176063
20.315599221048842
15.772329292447523
20.827749397144714
14.697753706234394
50.55555851594646
28.946109133291273
19.381173800799075
17.931567018731215
20.66897816495539
19.795682979071074
34.06119733685503
35.44429831615328
13.775143248406863
25.688977217253225
29.76374811892964
