15.283548392881158
33.12736924514522
21.690480430689007
8.30059434907237
21.169805743418976
14.88413392850046
28.103782483564927
16.216804512649773
83.2466786956105
68.59632310590209
7.798015507227973
28.255760507805434
13.467737676751511
20.533608867471116
59.98277041297315
26.306521184130276
50.74077139447064
9.483572000168891
27.400629837785033
60.53159613484932
6.982512757942942
42.04491126961162
21.499022896695735
4.184435017164333
7.138538420375255
16.924560020326624
42.44842554771742
11.87557602276128
9.139882727656513
8.253740017004247
27.67326613175284
