44.16286379137523
23.125264758561542
35.2343704405524
29.028070256443087
19.417227515699906
48.093253522271624
22.607769615460597
33.698402585714774
21.792557987233522
25.811127121718883
13.043247925526643
7.601300359709725
39.15983046066944
24.658578475182026
46.46926266882936
30.21843973183269
35.688629972907904
24.515323379652486
31.74796345094076
45.48149849475037
8.359512132953483
48.51545069539111
28.120730707783068
28.817801086214715
2.5854296683262277
11.141902146440628
34.395906190276904
38.108840013535044
76.60351391680666
8.18580389637873
22.2200618126422
24.72951754738517
0.9958477233842586
