34.6392047764202
63.83549147139985
38.800252070103284
66.79461809837458
60.46675973812792
31.520849064815337
15.148690858854991
14.59992613147584
33.11444403195691
15.218142356613242
3.1534330876868353
33.62972207776089
3.3554580987907485
35.08972064550403
24.003758849773504
37.50720812446872
22.610100633573865
13.497249403344085
6.249808270107835
18.51753653304027
6.236075195728475
43.53299974066307
17.9687568975162
55.86629682677413
24.49832214392177
6.483120555039818
31.92535161170798
47.86424224753276
33.33581862354717
11.32212419282449
54.15981034351081
45.60601184858031
40.54065127179784
33.363245346332576
1.822124735056633
14.332735441642285
