26.20048952127975
27.601108412791476
15.222962178598152
67.00388404488318
12.54105445827176
8.47407454679417
36.20037675839315
12.745677632909036
83.21258337899141
4.56300626279392
32.56848008402177
22.41795370428258
18.12988922563406
7.968030765607921
11.551698498261814
17.418368196250128
62.08842494643518
7.49648530836869
17.05755373803123
21.712559495032664
33.956344940551276
16.34168658267653
26.407634647747415
3.070627638501719
60.116381341289724
23.60971631600981
21.867574025088658
24.59924448004314
6.441313268527722
41.37053826180235
7.248342323339486
16.93897537919966
12.367886348835953
26.24863442238059
4.292286002239706
34.94344887340087
56.34025908854544
10.494743028264836
20.59213279978013
