98.5796468516947
67.44435644388545
27.830240209770253
29.614004292793425
35.417786064121756
6.200568454286042
35.814337829466965
14.688903996013408
65.67778689817779
21.389348700747348
15.459382313228133
14.77150704757318
21.94156104644277
39.99465902689647
23.55900944829122
6.193079225578089
7.051280901462832
31.948864690849746
38.54356363212115
5.3337489282356785
34.749978389010295
47.876660862569054
38.984586261671296
54.14428261657639
17.13964488026896
5.0033884211595705
9.503107824623399
390.2337212829873
53.72261133398774
45.3258902910551
31.516095988623675
38.60823905578653
76.76560408028162
5.220428522270339
4.52500403550458
12.441129260108625
26.654302883750404
