42.511461498448256
11.477860466141465
52.56584377778873
60.533064518560224
28.139610138970355
39.51873581779029
44.3795161411698
30.851355025534744
16.22084066136877
18.646657188666296
56.04110442842412
22.54795676742063
37.730835170080965
6.989410184969685
22.831906975004458
40.68104751739652
26.255817893252186
30.09306832214517
8.137309646146548
19.828448921784783
25.941555582653734
0.0
19.861934559616614
41.83836303025839
29.025349957515047
35.752164942639965
19.938745045673414
8.542222131437399
4.215625113414788
49.022820740788276
