11.725807695992032
16.90314638082775
39.40701072638062
34.5600589332232
46.90151719072817
9.618196221528777
30.818249569542232
43.34240267944696
44.81341495347948
11.987911769114191
62.12541488607812
35.964308964118416
10.360805741009017
20.303711631542654
68.57587584508762
19.09740936894906
22.857839198862735
11.908646593492534
53.755000900884795
30.16360766555124
11.897729381702135
21.0943085890179
17.08576884342294
12.307437648991026
11.954479596270332
5.911116384698943
58.99892843359778
39.60132019220923
25.330349937893118
42.233551601816586
23.67438379792044
1.3877809877376137
34.51391993297979
