12.434715746714929
51.271221854028994
16.563475737746643
25.44740652945174
27.386491804755238
16.80521406914393
12.949648838197419
28.900063072932298
50.58428403315625
78.56950563515126
32.908770838665816
24.459233317026644
13.477622935633363
15.741403858471642
28.51333844934095
480.87007771024594
47.03932369663586
73.57110623294024
19.604407190605215
52.04652526538658
56.81259180641163
3.708380254977442
30.67203810242256
62.047467128042314
39.051162857571796
62.04400004047393
12.691627535219197
33.41678020623125
