43.1841767120077
17.030863906249948
63.494042878342796
470.98875492205315
28.53806418655911
52.70927520526973
61.19392899403715
50.55987712893415
8.343611875728229
27.406037461037343
5.881288695316755
10.512448433651102
1.4041443373358504
1.9717018983443069
3.2176724901391367
38.39254627970675
44.11949073108744
182.19532460104494
17.635767801593104
12.197384543237902
23.785431213780043
20.83985350151879
12.03152892689674
45.875578041440264
8.78888096492976
55.01156862264524
53.47957650380303
0.9739430387715231
5.032909888216395
42.95878901060824
46.3917058701992
7.071510186950974
16.561198766233602
16.56627487072528
