21.722412654382467
35.00263111048967
16.56343898610058
18.148154941181716
23.66613088818525
43.939098547784766
9.041539945280277
11.500498664477192
57.43489996572076
46.37064094361968
10.114624353605222
50.63734856727284
56.01803665524832
2.7118818817796324
20.594884011221424
5.5003646523742304
18.04163960978508
41.17609631790306
15.805333379760526
54.991607837181306
22.728603879081433
25.411649380131436
7.260510308195705
5.3215236850067384
17.629241809238977
2.607312991388312
19.981774610139112
