26.28280397627151
13.2388923107723
40.23475376118745
31.623732317373495
20.068007757417632
72.4370833536582
11.022819605626168
23.22134079852316
22.81266149680964
13.033613025410887
11.791502794159484
30.85493027326666
43.29865893284031
25.865236677363185
54.701386778072276
83.83212553869555
29.80148364962929
54.792167251211566
37.94244604146121
5.19548920248036
6.113706453038134
58.46404095761625
5.124238658337774
20.971830836727165
16.435835113989413
23.51193651421336
33.021186643206846
4.3198992398539815
47.72498839046216
42.19794711356475
30.753012177876656
14.700757487925245
33.3488924487485
60.52289923936519
35.99989448432315
8.000359703655988
6.360639995209411
23.67923588543212
2.1576149278553487
4.823886572652498
