9.77799270947294
60.99724564794363
2.347744123688699
6.301189611644119
4.123513213504822
32.075209936232625
58.497064831541294
350.22594522336294
12.369519343646473
7.174144980806929
16.649973202953305
48.53281633791245
10.597802637373263
30.93358915881558
45.05052894459244
18.09395708244749
39.81478811705975
29.33593678792238
11.156124371674679
37.04584869519306
25.803413338488838
6.177557873568347
8.75979729928585
23.614586389010995
19.227748440805755
33.9900958384236
42.10674364781006
54.18260580886441
32.68926631951071
70.66226944920614
60.551257665735434
20.9786668417658
25.86960325863035
0.647640054250175
40.53235650782173
9.033638737296812
12.029956108989964
10.199491263742303
25.251753445016476
