41.20619625880663
25.411539210509517
45.03484800001071
24.287640245688678
21.4472652906328
31.863064463526314
55.505165829104044
35.76674716764808
21.488260913914388
64.32355467702345
73.99072477547602
44.15263217685401
17.738139762534615
60.577936558119774
70.88048452576973
16.622882123068848
31.041272676430154
46.55907271285922
4.004432848955489
38.13787153485141
10.581601607364092
3.3186451807163877
79.91323197124039
66.454450147533
9.211360308031672
18.70794031138371
10.006803008280116
23.078207578965987
47.151623732316466
51.427985901177024
6.0179118822734665
38.24530955138175
46.48512191320522
25.832058127798746
