23.913593141286867
44.40965512601795
36.520765758813624
15.26260715355481
11.386139265141779
13.271756388578282
24.203280771661355
6.711815333500624
44.729135592463535
50.726525132529346
47.91745632118523
16.752399058590527
41.45852032499961
11.007968790271448
3.566032010050222
3.8682718298157965
33.48452075441949
50.49326751983409
5.180851754568138
24.47833542753638
13.578736306552344
25.46096971422594
1.6613878279496248
17.33927188807766
48.90758870123214
32.57328878818237
55.02383487079818
34.964961045043665
6.923470828139003
23.88123036916859
25.020168824407335
25.75673536710144
35.34411432877209
11.234805035199088
39.312694784291
58.62139594474442
23.433647542343778
29.677902461115224
14.78335028064015
36.00880018672447
3.942786214768759
5.275551716136761
