18.1236763109508
21.817459647599918
16.19240743674075
81.1955030818527
9.662403278450284
0.5721572115403291
10.045223409519096
33.18378487597167
8.588266322557374
29.68087829591036
1.4699367379021595
15.945632327230783
18.4359870833068
56.26763042782308
88.02574718540646
61.605776708987094
45.51889402264305
24.130224555271155
76.62708961560551
71.250727433001
34.49726242710895
35.55541743357527
76.24515054754573
15.862688544489231
75.15017714206658
91.37829535574986
42.32004654170427
54.07677202916017
18.40044762275241
11.241176642761332
