14.797793924263871
71.14727709168837
21.20262055047141
49.07975501758706
1.5728278057835468
33.683874988006636
31.404604520073974
27.302127780710975
27.24054686974307
24.496620457597402
4.5844985908630065
29.446009170939647
22.40562691211403
18.23112222303186
25.076816944716597
30.116754667537577
38.17539276314933
2.4122994395774384
47.86742460717028
40.832677985342244
32.02927524885709
5.533581325957655
23.165693386382486
46.969483647400565
29.19164996416974
36.65793234705593
49.60995762610467
518.0612924402494
