13.175086208177149
27.192858650566222
11.470710576357959
25.460395309816235
16.213182274561817
46.52008665044288
9.91167166971799
38.51008428540047
31.70647617277855
13.086732693012394
26.268408987738894
33.050997231599396
28.472229729644525
63.46400287815965
16.10487453968416
11.45549746179799
33.442868338051056
96.29732324820637
12.327112703145346
3.359458194328923
26.06046824996872
51.78717755789825
97.13327706916745
8.71057418035872
48.98896977257756
9.761094354999102
13.323829131200512
4.5364693440881325
31.557645624244316
43.64340598753871
52.61296919087829
58.52153324221446
35.1808749328589
23.498806248923174
15.216179219192014
61.490754532713964
45.84400140823038
32.336371461839676
17.634491773106276
21.09581112102211
49.51530348780429
46.656249756764154
50.38363325924374
28.59021770748967
44.178459346807216
49.84882317330988
11.61408251025577
18.231494504366154
10.147045571487439
13.021670972056313
