33.24151745085031
41.31808044081582
25.023715519958103
81.06301254102003
29.484560451636227
47.35158061455718
8.083171889015034
15.371337839156809
30.324676899214623
22.823352066403032
23.31116739872934
9.227327773379344
77.69399548378478
42.93555972748369
19.025080094355317
40.59860701465496
88.67105536570685
65.34505055328471
65.0366378258859
26.124242924944355
23.596952067396828
19.330692779423927
25.552530055313866
31.435299315341624
50.103158018133
66.63906454223618
30.3109045632754
11.225771462432988
61.527841335886336
21.4643241354009
18.756875673671246
17.89500295953293
