26.585231340246366
16.925679002767822
27.026166623071276
30.154955141789898
53.46951962951911
34.7096532481995
15.446591306547191
20.93469238546507
72.73931513028883
6.96663470696987
8.905670882627817
31.155857976022048
4.258186787412882
16.920916693148783
20.4932885069843
21.773215171826166
43.280111913987426
31.91966809237681
2.83685428201548
19.347770181713315
68.95733980506128
27.944315685941262
5.489318030156781
73.55065417943406
63.36945646740628
9.166412067007599
57.811560041909075
31.406059048977156
9.763341208230145
46.42676274735642
24.998984874251363
24.048917758399853
29.636491233914285
4.964076772849737
