22.613958765507903
50.83826867856439
63.52099256184033
31.242669979605438
23.13183314452725
19.606423193235457
44.997635031773356
32.712839723238545
38.51703527637311
22.54659835227592
27.85042749930095
26.17075019457974
57.83924490799811
26.421747626830026
24.865130992576127
34.18181261388662
25.43943641968832
44.103758644473885
39.277635382434624
38.61497698829453
39.00984267368537
393.27455341796866
26.366689499721375
30.0388364340226
24.34357245141861
15.077290150741646
22.15792425106534
46.34886591579874
16.753843239257037
21.04841443685386
27.730965099811428
22.335080837942144
