19.3629723265512
14.491171363734082
14.41330483169017
26.724889487858107
16.497080974350624
8.2906509786026
23.44316688368555
11.449568924323515
21.90113846135762
5.946472312904419
15.002991655318098
26.95275523732886
5.543283027930599
23.030708857113353
11.851414771720144
17.144592530432718
28.04089593226574
15.069917924754677
22.059370094255797
26.187501870437956
193.14011383932925
60.97601848773586
3.6774324232959685
11.470248377677649
30.685198903891518
32.87060521458946
3.7476074235768237
35.06460433111111
44.92711978836708
