18.882524440436768
31.888948493693633
7.654193009772797
25.857994082020753
43.15954969354759
29.29454877768751
43.214401460351084
40.546537372208746
25.249881880149744
430.04762379204425
18.060043677642923
12.26575376485215
4.243531991907275
42.45340406910117
486.0283963645938
7.856754909551853
53.33819191429687
17.995057370257157
7.973119236973929
431.1085725200371
19.964360395772786
55.803510833429144
36.42766764968559
14.241780208842073
70.70369533555073
57.285389601252646
37.07236782656402
0.0
24.223503672205496
2.117742065260515
25.950488916657505
17.911228369178332
37.24128498398545
46.405970434741576
31.355939528376013
35.179944261308975
22.444880301348817
34.391235998491084
22.43797454069204
53.34834000582008
56.733506341078254
7.996810715679459
64.98036917549975
3.209788143702511
22.854827163156486
13.052306147136363
