25.611245537929747
18.15661538762994
19.299625908830336
6.9330343268573245
21.7229260011471
40.75915535364413
32.72597311547912
37.103171106803245
28.09520872672516
74.79142718261615
67.683280398764
12.266998241400586
13.328725678488098
46.958572299239364
20.04465822806023
30.522537700391837
33.04933613824468
20.961376938926605
10.059763630684571
20.681127227097278
13.333834958218517
41.01818453996688
46.09723789470871
11.549598186564708
39.704585765289664
26.193172957958808
34.51678927422
39.5584804660721
9.335272610433265
48.368349664528495
3.014937345752827
16.95485857131348
9.445414701038246
