7.369166705973953
33.72311552076387
48.60654897359126
10.264183202732696
52.06800735961666
20.084223209246858
52.25187918458505
12.452418210732873
45.38595364367039
316.527230077528
46.399390240712634
17.699456702653578
13.04332911697874
11.523386138922746
38.3738496185817
15.104532917928225
11.413054445508749
41.566235195188256
12.300506855427201
11.275763946813612
24.12379833954499
35.75099771412158
15.06682025511789
53.68157523149304
61.25705386051928
12.419194859352245
26.163767911642694
77.62780360019474
23.055730772724857
