20.562948877688726
22.070782599239394
16.54859724201151
24.571701627425554
19.994971319198868
56.280750430787734
23.62527903394492
4.724663524086708
12.097385479204263
15.505243338389576
12.73367776457961
20.816362607311333
26.97093056670724
9.140712287667071
20.795053626990722
43.09324357107943
93.14239387925042
6.746774732894465
29.044025714158124
23.234376172863406
8.463249008878478
18.945471863722005
30.679356623403635
20.019445466664607
18.14194289212577
23.04908339434418
38.45739281617762
