29.338076923347316
12.325212990829897
15.166710866794148
7.867927483707518
20.092151361873007
6.083076815524521
0.5931446479126237
7.0977779651246635
29.965583166060412
17.404570688466606
13.190896512479128
42.49115126778575
44.86064176136041
7.475861925863683
75.1711644471167
10.46375635623312
4.756127902241715
7.086115682943841
13.868117061748691
65.15548330626319
57.43107192647861
15.159351104461408
54.13992836148209
25.298951223977426
11.357042632056348
32.08279320184219
31.438965638404355
29.014704678667897
47.95117824206028
76.72634582156805
32.951028698495946
7.480967592113686
16.860000010434433
17.35163100350138
20.293106119192927
