21.547005112270497
267.42742318948825
8.346046472405533
64.23921045255825
29.631450728025513
8.025852640276554
29.003132874866935
59.03456847863204
23.22910675483456
7.283136844004773
18.988164997736305
14.885530518787348
13.906551947691256
19.95659188336427
11.404976606640773
9.65487398230303
7.645931703477174
48.941291187441564
29.64263296745648
8.172130803511294
19.55322253260003
29.319645105618235
19.287244997185596
20.899527732915814
34.24650692258871
8.133750875777494
3.277007901643529
19.43085987751087
