36.58871675446312
83.23296333724129
38.270459406222045
86.05102762959203
5.937409002224314
14.765175157792441
51.13693612296852
39.21451211305124
23.967079406039545
77.12141019369446
29.961345936053362
27.92464495510366
31.04895825686654
51.09020941203953
473.30041520765343
15.16501218729536
59.25611715657328
5.251473352114118
22.77614768923989
12.152762769173563
41.17965963429188
56.83043781770343
8.798420221282456
8.425632428872774
34.84271904173326
8.540420098525288
35.213633851007685
25.28043557451275
16.738430443693957
10.096633403751014
334.64845851783383
48.54115839800912
45.78579858587594
18.012061940487598
22.689918157948526
427.18356490835197
17.09261091256151
6.424517097010693
31.898054084047402
31.726576282282707
