49.80859314548529
9.945327761518172
6.556486905596401
47.26481081021936
27.411473208980922
5.028265745701773
7.324269430137363
26.620288173050426
80.89434858368752
9.523492289186038
58.458176638416745
64.27806489173047
26.445371665337916
23.24614510331078
21.496469288627864
17.888437521563162
35.748180385124044
27.031637811910244
42.66924114452944
27.104637835237057
9.8129793519048
4.395540474753801
20.628452433003574
39.3476571449897
501.3404469046723
9.53357566594623
27.367494713068623
49.536156724388846
12.972740458843873
36.24254514221944
30.941642594383097
35.21513182500675
15.468378841599446
8.086296016020327
8.284924484607672
20.396960034987202
