6.131692968769471
36.24910325605903
18.392875510794795
37.116855836834134
0.0
1.2021177498672557
19.78635658455505
36.881382428595174
21.50186094824788
45.46994402517225
19.52115778185727
42.911843324276674
10.999974219749419
7.167206736958221
28.705900371647544
34.87439128331472
10.817250431381154
46.622923273350196
36.155379642227416
62.6345207983947
20.746809718235525
4.039274401189573
46.35496248591954
22.887918725680308
19.490475223247202
40.23029404523372
48.07411122910368
12.48353831860473
