2.2358194528045203
10.133120272026105
25.896861230948176
33.25043659173508
17.656632161726336
48.42031480859775
11.523278106467373
41.68823426845151
42.17666704304963
14.679226520203954
29.91249296938973
21.156962449150768
23.704576244242773
24.065336006451304
31.33950099907686
9.023262691736193
36.511608569117584
26.43880645780328
40.50559422499056
13.435149461521576
21.137808188531807
379.6585041758147
35.91079017072764
25.227333178600958
28.798429415629528
35.2421220913494
253.52443070323199
26.49573997975827
50.43854179928728
1.9640512978313183
62.287985189469225
44.60957222970211
19.626411311662096
4.494257093346135
37.97504591221009
3.751963105532326
25.00376475296052
