4.953945435912132
1.029241887145858
40.34503272452221
6.802425114865173
24.819258165441425
13.209714427097964
43.536921792012436
20.222422087947876
21.073944914170966
37.90727487206142
26.335175109434573
33.47178071464714
109.76138319083407
7.915037008839306
13.683356291609641
57.89812638593072
15.762854783019662
11.105567001614958
16.184826038834416
17.291969925147725
30.705943001391574
27.893339751306925
42.92913050023097
12.023264823979673
62.314655936570105
42.16439103115687
17.0669791100228
17.08783784670797
74.964916401622
18.657734696185585
52.344594200048164
58.580505473625195
30.504621334286142
18.307465441006343
24.904282568972747
8.754418066949171
3.4652758987674446
30.446364993380456
0.11741365049601882
15.043188945035553
77.8350832959228
4.3479896548711565
5.553636471238065
