14.182234294745754
8.010133656649742
20.075214686098874
21.35076657673943
8.659185326962728
23.350033828809757
46.475930102574864
46.76375039565214
31.857504155567867
33.70659108490483
7.795239686117242
38.94038149147481
11.783451802317472
55.97246359103886
21.579524931917362
39.07891786992471
8.184679079902892
53.791442404661524
55.8315699613747
33.106243202251676
39.408252567666494
14.346381774306948
35.83733280141496
38.19756247629127
13.926437391719034
69.27698615813551
41.465108321888096
27.733993022877925
9.576601928035629
29.049642294451402
12.978966550250306
14.03604908105845
