12.89332825097641
30.221676097343988
20.984328689886667
20.469580704054508
18.306880042975195
6.853842855042785
43.95498322777809
58.74707126539245
11.288156019081441
22.374097560508062
22.160319500638877
29.450863184953164
12.891948559149185
3.8340695227366552
46.17533471052434
63.79573916659106
13.244638117756281
27.699098438785697
17.662674408984472
54.47893314092765
50.63928138800762
17.26890699238166
10.364590957488758
3.6027570991235223
15.433858775371121
25.105151428788375
10.054775952223878
24.788993187556358
21.55944851435649
9.1467387500483
10.431894212809183
