8.734958287764798
21.61310727559541
10.392844260185996
59.0625791102014
18.723773442307134
84.92312348773623
13.311260693528965
32.8781950119491
78.29775598638075
40.53376756782299
7.725095323727999
67.74999004789616
16.405883396755783
22.593140183505525
8.307535401671885
3.910628655684377
38.94417172881046
452.48568352384257
17.380511749739327
48.84045481035854
7.782420304258451
25.071960842020346
23.714885601560056
427.1061442523365
3.7035581351285174
28.193887791599053
2.342524426454702
6.74960664136114
20.11371424688248
