18.052749072166733
8.945806403148609
18.5922349155029
43.56423639435812
30.24641539341063
37.40638025328582
21.87007430483024
3.289997220028397
74.20888287382962
70.32229645407615
70.08171445938606
28.647075322979333
42.42883840708282
36.737761423606784
9.90752160126911
91.7752817368057
2.3407164424208418
12.393705691267186
24.103404011967086
41.262967726339554
10.658066866242336
11.21674552529015
50.040167503782385
82.90969908384251
83.28742733919843
13.844066838653134
56.39778433899885
35.252753304172444
13.471440287483347
9.753429743034005
