12.107035300524842
51.2404200186495
20.875400295701752
23.48849053859034
37.62074198955068
28.522354282961913
37.025913732745224
40.44215666430739
43.816595864952376
17.04007801244778
9.609218775066239
16.87975446524669
35.2771933433569
17.694106019464442
23.64523209886545
23.48245395297397
24.271016017548945
24.01067973000025
43.309846499915736
21.15853460074287
67.73348705910092
36.52543486784998
173.08982352657677
3.7273125688515023
15.183320405505867
27.378397709866817
92.87332901800438
35.06820537204149
34.74955624941249
10.630102805583803
23.084241136889986
