30.146439177576497
35.512280922434286
23.43991324794723
12.972016395878981
41.29259423654577
53.87789721815838
15.38158474663453
31.114566515848978
5.337643658100916
29.771089573612898
39.441241759475275
17.034379937018585
60.50197279043009
54.198459806342086
40.167874827893456
42.533484415165304
40.33666116126666
16.507591420813824
75.98922833430758
20.7394819158732
30.285439213601165
68.94025712474985
15.586855210912532
23.233684353906185
11.461921262681301
53.73346611949448
50.234895815658575
17.310294253253574
2.6943611939572634
23.141312021423502
