35.43899753962148
19.258332125540562
46.6251586377841
19.500861806399698
12.049641664913324
28.966976677068544
47.50137083033121
14.799108554815518
37.83044097864112
54.11123568314095
13.831270681659788
69.13972797998447
1.6204365411145005
4.416162594801435
40.86349313411911
33.833148489599026
38.25251948670534
29.91603537280922
12.460988103664008
45.80022245118985
28.068336160606407
61.28184828587884
25.23656663159268
39.43845282860694
64.61310403511439
37.04045606174499
7.937191743899859
3.5523646561683506
32.48014135493369
