9.650407432728855
24.382916711153314
19.84965873340819
47.87001561143239
33.17792482807093
42.62743884793974
23.41319947257864
32.56838526289319
50.57745377550796
46.57191598571876
16.161275370355725
15.688867166675465
11.897154389694379
11.548946044221665
6.419741843519375
13.821316525404214
47.53668365891339
21.95990843204693
2.4155585941310562
15.106468853920859
44.02326831814784
27.266333370883814
2.2251975715693817
62.09993778083009
43.768082675186804
6.741586232832887
19.243645995023883
0.0
29.046093955808416
7.67807468385945
13.971664270246109
