19.70087632485614
19.200342155544945
40.872108101072115
0.0
53.4832905161372
442.56946550612906
13.033372308894258
98.28789992977991
13.437262568441668
1.6008649130808692
37.26571764337763
39.417267676368
38.58646739362
1.3480007610562126
10.20375778694121
44.072313386131555
39.04015607609047
68.60984684510947
10.046978764641665
42.369936231300144
22.81491203614273
1.9033046896816188
26.196121636856475
17.92968843055445
50.1663241587833
38.05852589122533
7.125609697695154
55.00393440559881
9.073028276428374
34.77215268384009
17.98424436443277
6.821050588481597
