59.33277243810589
33.48857581522907
4.666219892191236
72.50425094804915
35.02213746539232
39.24756162558256
10.9213590884915
38.557159035141126
43.88953322765566
34.23569748129768
11.508833243115959
25.6490071344561
36.410516739428175
20.575396739379045
51.90343293049398
43.02148205722976
28.320478531429416
38.7664061267884
10.126959507917988
34.806358922645245
46.413754903088844
12.418935779477636
11.757367531859387
39.60881389303856
44.04072674362246
41.50167028316015
8.539352619541262
48.4742893615054
43.653212947692296
6.803544107340514
33.87866369159612
5.259264582101707
65.53931192795076
61.12438162329339
91.4906561830272
27.894746313570025
43.34400752216398
37.30967387396021
43.31003458278967
25.743995192855976
45.584537744554325
26.184154937130643
