21.082223659304432
8.529259944761904
17.392990914306523
23.195154757610396
47.16202569637076
4.916872136766784
41.47861479941044
17.644308749054147
1.9740771448254293
30.361463759706837
7.256926281775947
36.23870810581039
2.5448081513095673
44.06162140758963
0.0
12.480539215754547
14.946230561487866
4.526723811999005
21.135496578733267
35.60728272999667
52.37892664569054
16.569062622711897
15.55257135287168
298.9678993502699
5.130987969922515
24.732148270092594
6.830089388558633
40.34301542868772
30.609919628807532
49.638007379497495
29.938502508493713
23.43593424227599
7.80828185102699
16.86225331752219
1.3688240364424473
4.567438983289591
21.435037340718964
