22.78272159795462
20.507280033211273
11.79837183945024
32.02267745587935
26.605692378626088
26.93162687504463
22.797488240923457
17.089286313724187
29.971547638358516
12.86336584804819
3.1175028875178725
18.5482600442553
20.71760997950105
37.78866697619233
61.05914142804046
5.886239797179655
50.54829640507256
15.025334091704167
44.162726939926486
47.59749333701717
37.225134523979236
40.22181567509922
37.40692504676905
52.98197378900939
18.5226826165635
58.16147553050658
32.34603015012581
51.51977411097053
39.53091843256408
47.19174157165553
53.53887406021113
60.73378689775657
18.505464958089362
63.399999509552686
39.24038757403815
74.16530783337592
28.36455064909771
23.079477263794317
13.7912166766573
