23.85882011975616
35.25869740594072
28.583747548226455
0.9414650308912655
64.77072330947465
28.816032619618625
20.045528138167015
26.508457673187536
0.7002104579379846
26.736412580177387
40.840863469237945
11.738587232872618
40.44658922772928
11.999221582098684
36.847009768725115
5.872400062509058
19.142657790273063
9.96310744036245
11.53122305691187
15.64061508144988
14.090493978132272
9.444220492394152
36.15427390399233
34.588702042060646
49.040330694359625
43.048057700970375
14.41227664863328
9.898469871687183
