5.75199010086547
16.714023450737244
37.20471705029581
29.578045749166435
27.38810559864457
4.355391005093267
5.355628399133693
51.86467555576823
46.04434395984744
21.955654827993385
8.146791407626097
17.631003670868807
35.679338093197615
3.262288628427683
34.85634164335818
42.2860084038701
7.225273688717195
16.52417757277709
37.05055613845356
8.125313285563266
12.359672099325778
36.08925055607716
25.460393899002
45.548157099899726
4.541586266467704
39.760306652559166
29.59063530769305
32.739691399624306
27.16859599332433
39.560488031804454
19.401012516900664
23.0766171860884
32.0190083372884
21.534658480572418
