20.967216474112092
20.046994096387863
4.850743290142901
36.26474851176542
30.378297161012654
6.831488365632907
46.38201121590848
11.51562713454257
35.780251427187224
11.85537366630004
32.466805133070324
16.808844390393645
0.8184339782038563
23.169561848614435
29.1309035391417
28.58773872402722
7.328547263041216
24.56523618584872
18.90256750359032
48.17107879656464
0.09259489290558065
20.113488119393267
18.304793302383572
12.563393739864878
24.737556975231982
26.826758479528536
14.558347623267991
34.88814131050391
22.115435502709047
60.118388408836694
35.697376460991364
57.8802386484642
50.83488524192052
294.13836799597766
