15.527242143088102
73.38429116821241
33.351900348391055
43.36804363022546
3.806894580747496
40.7796582182652
16.204115255440144
23.12917528250368
13.918324122516196
3.0337869373535398
25.27540013988576
12.320616784432175
53.05314430366472
38.458685997625395
17.114304197942076
36.41978417063082
7.906828887910294
28.036818302932346
30.17082291651748
28.89265049388247
1.7715612262756792
662.4609935196538
30.630154363416324
30.77700503163973
31.087173664207526
4.880607782612174
20.58679522017144
20.10549592267138
