17.533456041839344
30.302197218481012
30.2804923341742
38.870433578427935
7.673775025149439
16.866028411270037
12.180501722630922
22.8883316514885
12.548436467777691
37.22330485269822
48.671208098913596
15.49671703672378
18.935501845858468
18.31106890458443
15.849007569101587
15.348685449291992
14.784929182852679
10.972096569067645
26.752862830245917
20.54605693574564
43.88636763606819
9.89677073184663
75.31204716606823
28.583247351196235
18.222947296670156
36.12909467449603
25.561727853318672
13.035553039137895
39.43471011551111
56.36750134476965
7.201748638431283
8.218904444584027
