37.17679652727713
1.814513192417735
5.682776702916186
0.8106233373714531
9.868614954666072
30.280201806115315
23.518162547235093
10.29374928313021
40.24495110219307
21.758573332074775
77.24856852422751
59.033203923472286
53.03071262657468
33.724454906497996
20.316545003653403
78.68449044095935
68.1926441673103
72.40711240605472
55.620155375214665
42.47307133980593
7.024926553888093
3.9599155858649624
39.11503314920927
66.44793590380786
67.0418211854828
24.305247981239887
28.38411852402487
59.43123583506551
65.64706336792067
51.81634353390956
26.721540852114614
19.333228910713686
2.3610340081611128
