23.91325064523926
13.084827543494129
36.324359077166065
77.63826964850924
39.11186356609737
25.24215988188702
4.915678036555136
12.664965871283783
31.109897464069434
53.39993100546644
53.74016108147535
217.49659847758002
6.0570343157947235
21.031930459312264
58.954986698193196
70.53816098380693
23.539050917230696
22.71254709820512
7.8613691046759016
30.24908188131114
53.13463251925067
14.191508639697304
45.89019992640867
41.464221691479935
27.945839847769477
2.6364988656094965
18.969608084337196
