11.599095218937663
18.309024582229227
32.551072676888836
7.925979884736975
21.58911103869984
41.8998701014487
16.621507752629185
6.606941900359047
10.472983017811401
16.87998142199777
35.44823308624575
19.124384500502075
50.08246165379278
18.01318304887289
19.537962891886195
32.130573477942235
14.347755882494795
35.6465686537573
10.392803444858217
18.60636434997747
53.08280924816826
10.193641106379303
48.95342109210196
45.615188152204155
24.9809029197027
4.5629472786867495
49.31661391853632
25.75953806011401
39.7692442010365
45.26751325685136
10.12802425862047
8.089530016698859
1.7874266282453704
28.144584901007107
