39.85770438017968
37.32284781524457
80.88559511520714
30.650490150319513
30.459840673694245
45.29551815523159
32.0263922151365
48.46701440078381
35.648351856547606
24.019179941667858
29.99085070322792
107.18545919948222
10.957529247663572
31.528926898882503
22.26691072827579
17.81447530082488
25.48800166054893
2.5919323218832915
23.03241572656519
25.862103667645982
34.60663729302627
68.54378498230238
21.632106109120613
23.94947577311345
20.49978464823721
49.52752293786425
29.853949317101808
6.4124366977763145
58.24538788680097
11.643861149956791
49.51368893128911
68.34005386060275
18.755575622820047
32.51332393250547
25.12400157075615
18.72636965656227
63.42088985299824
12.758589676981543
8.72600193734479
24.487945485852194
59.3779843786313
24.616410710251685
9.279478190183042
