7.6997779828349735
41.812028183303056
18.271767824142074
75.27482095604087
24.181125819465947
8.894849048900937
23.74049288476303
37.903001662299175
15.709671267379491
40.14379513331738
56.113995757384174
20.86294356264358
52.09535242206094
20.807198167711874
32.832165945585146
23.98135769680482
60.69802476939188
82.81270249738367
17.586266076737388
45.43021997022805
43.2764866230348
68.12427115015439
57.3851175470258
22.35734223350201
69.75661538960284
64.95039048826906
20.81065383765896
22.80316965445104
28.3164915008698
7.674951191436051
5.33097577178269
