18.091987955442136
28.079837256884574
131.8280131124819
55.815123369989706
38.772760602579396
13.403270898586513
26.506598828530556
42.82880282274003
33.023454621255695
15.900945912501442
33.50624802723945
36.662873389496156
30.684657453172278
35.69171494419513
5.2360333858199795
24.28725009886068
24.02143553495567
21.083762553128025
31.3817103930176
6.150039543427113
59.87520815984651
8.08557280882097
33.933935570194166
4.077557693072862
29.63819775255233
32.646080274303145
12.091969808689228
26.26070756483962
24.80871240520078
8.680696564991479
