17.754642941087155
3.7098682274780685
68.86509704624775
14.746255595243255
44.467368612984146
50.20392341567741
40.96329794187169
33.82259775208658
8.704411636742662
4.498818498209815
35.07516115396439
39.75175388048288
14.244008408981472
50.37040691583077
33.45455450176699
40.26838649676337
14.01169172240509
71.76069958590006
13.225216681727119
7.969102378929065
18.56835265606439
9.58926045057217
50.95822570858414
5.7618063701179665
11.41323941287726
24.23911745206304
72.24321483809054
32.81205854530788
4.425920535830414
24.622900136086784
