29.762973888839255
7.382356023282739
46.42187461740305
55.71833743510376
25.343265869954408
7.533811158248795
14.449467560875817
468.838254400338
13.754835448454799
14.844611343138268
43.39477792104188
3.096255583453811
28.108052462696747
37.50407303377753
15.719849243781866
29.87715078723602
16.439619701539883
23.277217318009264
60.06263084452233
3.677438622278359
24.504570456526352
9.471459795600225
8.899825234651544
19.060757787594937
13.189218749949987
42.57416552169775
32.6976544115559
56.589688487423075
27.364328444201163
49.633920113896366
17.575511733284927
30.1740593487107
26.549142824067843
17.283466905333654
