11.12652673481847
77.98823889353396
20.20441739372845
64.21508574071363
22.150954608431434
21.319857896799988
5.582981158854295
26.90948815021933
24.26123700879758
22.101680083711955
34.8251723412193
64.1141253378365
57.62482133928253
18.922240594053903
56.767580733918805
9.396462668842346
42.21873883947373
47.095888675658614
56.13996086223642
51.572521048822054
41.44066517429347
37.93791902112122
35.12860788411088
29.381301237116745
48.89404675229409
11.911263395996073
5.402075863046022
27.004147020262423
35.49933210057088
8.19079441370019
19.07218602634778
41.42166687016024
74.14500295690553
22.424363735917737
23.222927777238525
1.211816177604618
29.747226339698216
