4.109769807248725
3.584936022841049
1.045945598067334
16.076297312494717
27.921307379025365
36.11788417734772
20.82367483434973
41.859471573240384
23.125847403212546
18.710333841027833
32.25192584228854
20.10489922471571
75.1851896563714
70.8344335695274
508.342170028866
306.3101226381
13.682106774238477
48.80302896967105
14.365626964668209
25.688761077901944
14.772412675062654
38.29603263530197
28.202021793530434
11.577312877511247
37.1427328351993
11.042701884386773
17.0343997842796
21.192411009062084
17.12810133668411
