29.569071802102656
41.922420903993554
85.3618801121882
18.406264198772334
42.03718888382613
24.42392800143604
35.747809873056696
7.265184962072468
17.075424226970355
18.831895747871243
26.200335472356613
31.255754535605945
13.402412025823622
33.07609408445521
2.3978513544699354
63.24299379114947
20.148046658644333
3.783259927103458
22.91182439833875
1.4379884904035976
30.415640240354435
3.1215343254992263
18.814303696824467
17.61028591096057
34.0055923321447
40.419072622887995
26.391653922950468
14.300301086746018
25.560024083779524
4.076070034353862
20.852229221190996
