8.794396555564205
6.0872482620875275
9.180206362564832
40.534752361541905
30.63176180178452
33.185785315056975
3.8696012048004604
24.210763400358317
32.7917184271208
301.10166693703445
40.55277229029862
12.550744648012667
3.7020121464998255
33.17294299715935
12.736676111937243
8.192222661143802
20.58768255901431
4.474182701495749
30.875580708309656
16.61497986714275
6.456565639614169
31.281101191928926
0.0
35.321560886497096
6.4473923705195375
23.65432662936378
23.235680568489684
24.47111877801605
37.54579612278327
3.239817049264019
25.277105745981615
10.398079647510343
29.206484965431088
32.64225211556435
1.885077179625327
9.050103134357386
26.57970739256554
15.179619499345606
37.38881881965408
3.3876168783120306
22.97312120861143
