39.39491079917977
41.86278923616334
10.314192308057017
12.213480949000427
34.428560028534136
28.314682174348235
17.33827612749431
13.967597301625005
18.010490157268393
3.866544677504436
15.524621557544108
49.66048759417248
27.193028058007002
11.832028988313127
4.789172771138013
21.189056351671013
18.38594865110528
35.390870916734116
38.59429411755251
10.676589746386725
29.634776988572696
85.37469505134064
28.198667980393495
51.842624462193726
17.93175144286745
70.70784368212588
36.93090425900961
64.79795445962935
12.295794649815889
58.67368586392787
45.865599415802976
4.906961408986305
0.9740178510630955
13.361576795754317
20.115004166349493
