32.82125265145673
3.681845752584991
24.396915639930455
9.30998809062936
35.141690310706224
14.800657689349492
4.074589548075352
30.092580465939534
5.885346136123275
34.36329447817164
20.68571170409328
40.20295663223857
13.815198947325896
16.618112596378012
22.751643552528677
21.79260486902794
37.221559475165165
20.842295644835644
13.016046339726245
40.926352386069695
5.592140633065341
41.275861088127286
34.21357836868641
47.24786395829676
28.8627930565751
38.39183770607781
181.1728678553173
25.175782887015743
25.16986096810838
11.868506129020815
42.41843110327346
35.07116209213986
33.753726954656244
22.48209924163642
7.35183336830849
15.393808165649105
24.262354818892163
