5.080295645012114
6.000660785648151
9.427156991019842
6.616962210388138
33.96781217269634
9.665198083373355
36.77162869970941
5.748673495941745
32.83737770301087
9.549397704568875
16.00696634735374
8.536298467042542
21.300720642547333
10.702809133588659
15.467958477997215
9.357165623740656
36.59510149259593
23.616170330395875
27.73521313722715
37.691877463759184
14.558554777271624
38.335486503632595
9.851356749240566
29.42304984492712
6.389553473808604
67.99885188137394
13.13726882943432
4.222910237187364
23.35305175602231
