16.739169144885054
31.874964917899717
23.403289693044783
11.405024661099105
18.635620280455157
36.54453004150743
27.961835619227713
45.292242192171514
3.9086726113566215
10.074004352238944
117.8240015195854
22.840115521735584
8.693128479702409
176.90837889458064
41.54754544214492
15.92971300047536
3.980137614378137
23.722358609227697
22.641191876642097
37.6430120342536
51.170429348778455
42.19643098110683
22.77090907146173
9.381717066861569
14.378786369474255
11.924082576464798
37.231189479120914
25.97659129920592
41.717049796194786
60.63378779212266
45.46500526301433
8.776520031901725
14.688175729475162
7.115282107034972
23.535160121044015
7.526626501901845
