40.211515237712575
38.514395248763776
22.195232045439212
18.9435135500064
26.521184292053135
34.890669965253664
33.31435802162464
26.98769599797987
17.85844880276656
27.38688312955489
10.310008330328117
27.351416554431268
9.046902762519082
25.502741795716958
37.344984355192295
454.6898712486013
15.964787071142808
79.95030863681268
11.551583366949245
61.72348233182349
26.383537356124492
7.009211841015571
27.597965669402953
15.941908837634003
9.927645135801725
5.517485606127025
17.76540656452984
11.466835176844313
19.505357559347104
