7.174790041327782
31.88683863479227
31.511843233128303
15.764293028011735
25.909732247764126
19.995736025351874
3.603611636431282
36.9324633289134
41.976416397538785
48.5005685112413
27.71178033221682
27.713075374225937
48.40651275997317
29.86614713451698
21.819482606138905
38.04905451738102
31.657156643917077
40.49341858283941
25.337442542564503
75.03451284206183
31.770377044889983
19.87056892217707
9.708599075215417
20.554015720176153
23.46880032840687
6.250806579540736
41.942647622494775
13.851935712091333
6.031553239518232
10.224331104403646
1.2363591307899497
16.10846550186554
