42.70664388075167
1.8997858426886296
6.192014443947414
0.8106233373715099
9.690385902588929
29.976377139427555
35.861017907570826
24.40191948364125
45.054255901383584
36.43182957214134
89.34780265572972
54.59571190359574
56.91519955419611
40.99301838124322
20.126187451427455
78.54135944605069
78.67509483714674
68.55558946356295
61.259242616681604
50.74559722514638
7.024926553887951
12.966064463169815
40.25449599335954
65.19243847089598
77.00759904815283
0.0
25.83081152613491
28.412172856811196
54.59047386006043
65.54969956564895
49.31902332801266
28.3659083175275
18.92894689798888
4.703193036159291
