37.33947866606228
26.282805709977737
36.33085594651183
11.7559883961912
34.100195190409394
41.66300796530726
75.58854310299408
8.048634914428646
25.359849925879345
50.32852887653594
34.82732108964676
54.000359218632326
6.43919509941901
9.032992511780506
34.37345053053312
4.985548503743075
28.732159889749312
26.616012485375933
104.45322010665181
44.50788140009142
22.697645424183236
51.969933520409086
22.414073777756656
31.60771613562909
12.002564634582427
14.4121743652438
41.532059595635104
12.521328713322887
0.8171616655208425
34.895370718588566
