35.97036058969363
4.6038219230017035
22.565068578777385
17.17408720356852
35.813906951154976
15.38032328481684
4.07645915781697
28.2166629767609
6.40476668502248
33.53144858865147
21.346708005104944
50.399209629195894
19.31074991772418
16.618112596377898
28.43511957359216
22.16105698284335
35.12113970517609
23.372107556440113
13.11808610414441
41.074857071346514
5.110197880537697
69.18936533365468
38.97701318398313
53.19497178402993
38.1459543460888
58.1113671896066
155.98703650418705
46.26506952419574
45.48520436929225
12.034093667806246
40.41397557938619
37.619879272535215
33.626394414995744
25.736844531528547
7.236437903963079
16.829465126339826
43.549526032101184
