0.84653842156861
21.612768265549306
35.9077891064527
58.21299863989286
38.00346472311196
24.083988146502918
10.950670256049989
65.76346802160425
40.72262937694846
4.002416000875002
60.17554648349895
16.585869370069034
7.684935518083378
32.663124997882406
55.96000871140461
30.263933992551657
37.852796328380236
14.280041721081517
31.061637537058587
21.461091292568057
46.64245590825283
25.657581578900235
17.768549119586183
32.448272843951955
33.41282755450278
40.13884066705414
3.08320501059589
29.265165357644392
