40.263450283272064
75.63373134647907
45.74165210251738
12.700984392488792
36.75440972639076
52.64089837299085
52.83742491749413
22.719473652140792
14.278338573611009
15.028325264372569
4.433900486400631
19.41168658402181
47.24565849848226
63.884023553247005
15.81837367865576
2.1499871521978235
7.212510564849907
16.10692012263479
115.7905702079553
50.185501818861894
63.06832476169967
65.25288174248365
23.04842311263809
53.51734928612518
0.6112904319962382
38.49445597949692
37.295346739052576
20.041757940307875
