31.771605959891488
39.33705314770272
37.067985005101434
29.389134113243472
21.012361333985922
13.561279518422623
28.730708547314066
1.1575916469253968
5.781513520869552
6.84484913937726
31.3312077781777
51.101592433570886
21.42229795366802
32.71943205527144
20.033389884994477
40.76819860688313
24.347580184695715
98.38560889219366
27.330150217729326
30.246684589708167
19.596022961499656
9.40393152992091
40.93381073366075
18.607784438918472
39.92893617246415
55.609514038029744
17.732912081039856
5.897161334766594
6.386788438882604
1.5831553565703302
23.71294563649161
