21.65101298828982
12.247205367268464
24.105266425170626
17.933917991795255
13.977334233568058
30.228695811711518
25.6887675233487
27.384393062326637
35.44636578654705
493.6976338199608
9.900054362469518
6.958560949454295
54.97082928842225
33.97577260891525
25.90714911882189
44.587848032314994
51.90958121672648
17.06723091423683
61.208334545713555
39.72228484622592
69.23344086057021
24.070612555344184
29.545306081096356
6.6950083552027735
53.98300182200717
98.09528928945805
75.22580923452664
34.387146416339945
32.70802722569806
11.756271502556771
17.860242625328056
6.370585748858929
37.9287921257629
13.409963662852931
31.268954120336247
