21.902394481907876
48.64832364750268
18.632043626210532
13.813515975688887
22.312552088124065
33.83822814975079
39.62275216322661
11.78933542759539
21.747810176473735
33.91178709487784
59.18642063713179
18.767232940603733
10.823274966400291
19.955907555972047
42.66975109940661
21.666525342326594
29.94892258202573
61.92623098721663
33.44586434489756
37.28529933088329
77.94502497034362
7.173540395984119
25.628049720073903
50.688618241923336
50.32909304053371
30.709711455159407
42.0252446252411
9.589051686733939
24.61522086646346
40.632454467799946
48.52275728988721
83.73587752724015
25.157678713231775
15.347142243471836
38.063636849180895
11.318608892595066
10.445424308706663
8.222026250188947
