56.76697694571578
4.613134932181396
5.689534145759097
3.552011082138108
20.56013212000005
4.117390720463746
26.741065884904174
44.97297372585132
41.52414528206717
13.078332822032252
3.4898626741592977
25.777967773557265
4.765604734470244
13.675551248734479
6.406709251192808
21.981128167902625
13.811833166454036
0.8308971562931617
11.363685264689792
8.240510837152613
25.20281463366551
34.33840372797762
26.593841319063714
38.03816229694364
4.1930396331824795
18.01029078109977
40.05946684763191
28.21879106520116
30.918722031862615
20.891207682795425
16.814405299565877
