37.506372539497946
33.97331724358655
44.34155046666778
7.557986970762784
48.2364666387689
29.143342863669474
29.60845234111443
47.28478874110789
21.546887893189705
23.349450721731785
57.15109613353387
7.409555303721021
27.32377152110608
39.4864074781006
54.34373532312334
100.13677298050193
14.885805267868989
23.71594940717982
18.832912757932405
49.650483743695375
60.72355053575244
74.81728815295487
68.32783133318935
35.713193000538865
5.184388351560401
5.06610705192945
9.732834091439543
16.858944361004546
