11.820610815426235
4.122361004023972
28.92566480184462
25.17450925605145
37.232132493895776
22.583354056916804
31.42105197745154
54.30717159797031
14.955382389166758
12.642603974289884
88.3497956343916
16.727607454396136
25.579586239429887
31.150238739933343
74.61730743161928
26.052449798486606
29.133342371922282
38.84905879082693
35.60062951465824
6.420454122603772
28.849182448076377
32.88507859492324
13.919601495991586
17.40984477820861
17.398996971477743
72.44230166702131
5.9176867914703735
18.08416687694273
21.331254816441188
