54.09771285359085
13.127773850803564
4.148047996985582
44.299539000437406
15.203506540818239
28.10346936463499
24.226705107196352
8.715236611606073
15.363604718068245
33.4946567784758
18.058123647583997
12.05448075978424
3.4421146207506723
5.852658215713035
17.64240378104917
46.602951354722606
6.575515010150255
4.333190754674746
15.12184446048633
49.38097908711468
18.756003512415617
45.264800679638384
20.03191662491318
43.24339866492966
15.062503846020363
31.486814117662362
37.09775057036005
10.096592635888385
23.717631316472307
11.303681153845474
1.7678732673207946
