8.458234014777474
6.120094510748501
9.256429394012684
38.44876050776648
28.812335510407692
12.151746953784354
3.0821057139407486
19.79650295857651
28.29038854886801
344.2778918975512
16.932102614606777
10.893867773676703
3.745724498192459
31.202158067493258
12.7366761119372
8.154875887954844
17.59599137473728
4.1715045146623595
31.18504303234299
18.067371854582433
5.0152450788662435
29.30630859200906
35.01349499552974
6.498366498462602
23.46477239139533
23.034402303374605
23.90609472602489
38.053180412428404
3.2398170492641754
26.80011558570763
9.862922384202676
27.388334134871798
15.598170838547261
2.0851998004610266
7.413378659945252
26.327430838675852
15.854088815931604
23.378007454130298
3.4633279139372917
9.845928931815394
