12.413081046001366
23.047772436059546
23.52242251457332
31.559777083328143
44.33703319269085
19.21706148779026
28.03350650717246
27.651096917178293
11.662617266117053
17.052783911817627
18.86776864661985
28.494169997342453
75.73384882917377
18.184519521336824
18.793435155367476
35.0924557804382
19.971532408193283
31.398735793938755
3.1162183744330463
24.011135994087468
14.123480005148025
402.8187617933793
42.0994720943566
44.792180977225144
77.50619899952908
12.82902459028071
12.722784544635829
19.09064952843751
