14.29698367639672
28.028266731128056
16.412282718360814
38.144267557969684
47.81582438287566
7.28017775402401
48.220509848705234
31.75269097792639
30.682881879839385
21.56245912538195
19.500735121204173
18.635507546374498
42.4001487942964
41.01220818430535
2.443044551626727
13.34198017833674
5.715482440427266
28.81945343087051
39.66804554360367
31.2140391738601
19.256205532640593
34.29432115657576
83.346097192594
47.05800814647269
47.604104375418714
6.693157988990222
1.7407099283450265
19.972886503094017
