58.79365709082332
5.904266145842769
29.26852709569151
8.514735242951602
5.9291201419682125
13.50424015966911
19.01656921380014
17.46693026804917
32.48035715013802
15.510422142541756
32.862745153035675
17.477480746846126
101.98834321201886
23.58760966108875
67.93418315937048
32.88384884019409
13.06942021187399
20.655262340194298
56.691057021668
24.927537447800248
20.245886172956688
428.21523269177294
22.915260940285748
26.381314234701307
42.62472383055112
34.98208457782046
34.35703801931618
31.163717564294075
19.695226422548146
351.61195925755595
18.44741365661602
35.964882828621896
9.90329017742414
11.499132058550629
13.05857783860678
26.150633712270633
35.25243761986013
24.0953328547604
