45.47191966889909
27.231110890941636
43.75877026675067
32.61650775516793
50.894591711651046
25.27640485036285
5.001926877830073
22.334711340296792
24.807505854493485
16.19067161869077
15.211073916807322
15.572474957914096
18.354626137169248
37.781252817452255
20.832169216972815
12.984505047588982
33.144213549278405
44.309563072160046
48.4551454378568
46.6816331721965
52.295066962337174
16.559384559177175
19.395997155346677
18.930458114116988
20.84522397241375
39.55049815638961
43.62111282431823
