44.401113824071004
21.912616700226636
34.8350615627333
35.20160546710656
15.787951443695562
43.2274663974071
21.672787854129666
35.222385246051175
16.38868229906511
9.16639836501514
20.961347614582195
28.505428119413835
20.43901753800931
29.915844475944994
20.687069991211814
26.3587375576666
15.80220596301885
9.552909655910781
59.75833897909183
386.90672296211125
47.5656382681932
42.27103257101682
6.923479790773996
12.54897639068163
21.927122186217815
30.66447466549053
85.06966157278389
11.724190453239771
31.4295525548672
26.972582384818082
47.50414948468554
44.479813907925504
4.857339080671011
34.9368200615223
21.02550065094664
24.066026826232118
10.686532773431352
7.133418969034366
44.148184227423485
77.98031649743427
8.204334159002087
18.165820043590543
11.995466051121298
30.628247752633456
11.8844735468154
30.096052315236136
30.335571218121657
57.57775324941436
27.813120835881662
24.756656232425485
66.49414057783164
38.60750712930823
20.845125927977676
37.80181372506607
67.560220705515
32.1926550150215
53.804222312853796
8.778320797904342
21.71638347287785
5.626136144873215
24.764861669911184
7.825911266295677
31.411463716892527
62.87764818416666
20.229164765812897
23.012696684328333
