13.322197903743444
28.37962394219602
72.32168522781932
24.759021957588658
20.70466314228358
46.06074276380767
16.619072108249668
27.428872162355077
27.93206846047599
6.437774826708562
50.386535894147755
53.21640779116814
62.661600859066596
4.230015841809404
49.284724630257585
21.71891661911212
22.958383222539055
480.2689936203286
8.47209901470967
17.226407676238097
29.979072485226126
36.38442039424231
27.8595582474059
25.873533506823406
33.16710963642099
70.3152920026854
7.907808673714612
44.4680178041087
45.35509035558438
21.180482346716943
53.434315305702015
50.3482187946659
56.94556980377635
24.829319995791863
79.7792873865017
83.20303645766948
15.177914179598957
53.69348809732412
58.67032389310887
58.86190184429792
10.118464210439512
35.55114765273825
5.307957646732149
36.82168503928128
4.854324276771365
