76.6612545557856
15.637558605326035
48.76427706863623
83.95373388228624
10.821690951225577
49.139780331652176
45.45643389200622
55.3330236761979
14.66273389381928
71.05640840622078
27.3697330819639
41.771175520119755
32.16526486125895
6.989819432922104
17.390386338411304
40.744945147588766
2.6568296302014858
5.306993791149097
11.58177343773312
35.60912221678183
34.48852677842271
40.63228434505325
51.82785551863134
77.65752841959554
28.079995954045955
34.98282770480034
33.435341633238494
66.95580066716012
25.997033536098414
30.284450699703157
24.410580088501945
65.67327189124747
63.73300534332793
21.133770624227637
39.99015707372112
13.256728104670145
9.828865835912964
4.532383298910247
10.246047548078465
48.860481300605414
16.604600270042795
23.07141019095154
27.94623527732756
39.07781410017154
11.018665366288502
14.647303459647787
17.683351042972205
26.661579561229402
64.86359538256377
8.000869405360788
13.026704368947563
23.305294659689423
17.162153486202698
