53.55523030423885
19.873308872560784
31.36780435973762
58.44060230430864
46.77112845466519
6.576946934588676
25.006396201478736
15.374324402872617
12.392815099735515
22.45589236322178
27.62718105342205
57.09264117614279
39.128112196709736
69.09071494346068
7.125720167290439
33.08187602510091
27.710718334287577
19.490505680152438
26.683178002062704
35.76068062828418
71.63707188024495
47.066198974077054
53.69686796582138
46.25487516988345
12.920699934693744
43.2058579497502
24.994197607756774
19.20789515652551
25.637728669657974
220.2586763511554
4.668941066661887
6.410694195520975
26.930050508488478
27.886602605243922
