58.8925645818329
58.906666492821586
11.057167582620536
24.71444250130486
10.650045345801658
54.688913859023444
84.93520682409142
14.14802259006396
19.3574166766723
17.863636826915908
1.8047080450855049
24.910493993084984
21.809763919588903
55.03094725943731
48.563595264570765
32.03767572906308
2.211397529913029
37.349073323398244
58.867861531042706
25.573060812027663
10.260366777687182
10.519690324462061
20.518197928679413
47.59199855293684
4.273510320561982
84.01827268124448
25.253190942437726
48.069657656010506
34.760843562394
23.66978438756007
11.098910147709006
8.236288634792174
14.773522055353311
15.839090813586978
29.942126832789043
28.30581823807873
16.530968262053022
46.42542496566162
38.54208372444171
31.24684385690992
8.84453147076664
31.237709276790753
51.371778663467126
23.60206699433124
6.490067353361809
11.40525067619157
4.263743611528142
20.624372136231884
15.580210298286929
52.815977362847505
