33.23447706550223
10.83403822047859
40.72049550950581
30.734478323150398
83.885920309949
12.97559350113454
31.172320028283053
11.599965385952402
14.1060917697951
15.486711010622969
2.385935726950919
24.386078534107966
14.261660409998683
44.69573081302053
9.908495069225467
31.195197429457295
16.406867144952116
7.108776656128811
22.585631644668467
26.498803943570124
43.16849700902918
18.063401491772254
8.801531089338908
8.00550345480579
41.845990460760476
7.702582371315017
39.44697353892637
37.83104562712569
71.52588618611533
18.19291773447668
40.728762115383674
15.835192831802246
29.68766954047615
58.48487953523977
15.127911852648168
393.13390956304113
16.521622749848447
23.84562766268185
287.4680880736714
13.250457800243211
39.83931321629116
56.7165094145699
53.66953963174146
17.854896851223657
36.590470278452955
12.854604010367368
18.51766910559337
26.782239499498544
6.087161930730119
25.21183994951211
26.480400031299638
17.237352245410037
17.935710488281885
17.968133336026483
12.160363569386973
18.905419431723146
3.8181729086503395
15.12781687499566
