46.42698440195204
26.804979230803397
10.043912921532097
32.26079620299143
21.957421315761195
9.541960024300124
33.94720788274306
21.016449137314467
7.306414293264922
20.392035198185923
13.140846335426673
4.318496058001671
36.449686484892865
11.501887253530612
13.423807791469741
9.731863488501801
19.556081076062398
43.92431792049335
42.18639716248751
20.557311389624772
23.606441161484284
13.504656589656094
46.36147964368308
27.41794470770452
21.80805973502457
7.758500102029245
47.70473889758233
26.26824974717499
46.26127092904963
17.59700100662097
10.238252481965745
6.884938261367296
21.600153250365608
36.932965310782734
2.894698942955941
293.67900291827254
7.386048003470393
56.676639751409
13.979294831673343
43.13513981442007
11.624485494593756
