13.998594448051904
34.70126996127769
36.761911947231454
145.8435159640016
50.696837309571265
55.40595881585918
19.493806471492377
33.19286807013435
35.20822391254521
74.523220134783
58.735982135809024
75.31871682135161
17.320813622156606
22.635666133532197
17.063820580198183
18.915885214309895
17.598846295313308
38.65974416777311
32.956276723661034
87.9438775770378
38.5486161375039
66.3443397055322
34.431025742729844
4.32658777326489
8.334425275340095
25.598348812916953
13.233231485741058
11.582854654637813
34.9358361836932
47.16850834450183
24.690984520000242
