27.79107973753048
24.55440326232403
66.18792281094153
58.13747350965713
53.01326309973743
13.860069891331591
41.03206340379367
28.429693415161296
27.50565743383865
32.371155745964984
25.889712499448535
63.52012188509072
27.445283132403745
28.607385375905864
10.14275042990431
50.857440248973944
27.19958699079143
96.47078469438407
19.28892254703277
38.726523184619026
8.716554529024947
73.01779326505613
15.545547176496797
90.0739319458277
35.78300608977494
40.545341010835244
22.34640920228945
1.8656605816944989
59.4825097968974
41.132106676654814
21.238155214402227
54.083898157937014
6.974687093317016
55.23571156290011
31.88504235221407
9.438845555003041
17.135818721727645
47.258255979661655
23.188012426975334
32.715897135315885
44.765124919863
31.68781211111002
