99.2016460950225
24.921531156526953
24.97685631048043
16.325473721175257
25.352163318193504
14.645826472564323
57.53935138441378
21.07065642921799
23.40264854972537
39.487643494389545
25.761053179346433
38.13497578418179
11.142274839874943
25.428968957644983
41.36145950948749
21.473973015344512
22.57067843322237
7.8293860251542355
57.79734278844501
46.66734252686774
25.588881392968688
49.80871573193576
3.850957207489671
42.602274657998436
31.413442943140723
5.846527492206263
9.230427860236233
26.43276738987241
30.3830541842444
69.80035363835144
50.53639192181856
53.036526474882194
14.310036093392071
27.494133170649036
37.733404898786944
94.92203327293254
17.970541857528616
31.86402116341864
22.602165904573127
6.946555459022193
26.684721547953245
19.038899992157013
53.14771657269539
20.690032979874502
95.23588341691676
6.056541906970196
31.843466679441818
69.30622873175004
