74.33328498789291
21.364979943408656
9.36683849112822
64.7815478531664
63.57655615302076
79.48014617752335
36.306541872975416
42.636430244672795
26.977382858899546
17.13157143551676
4.65503822970453
29.961171561091703
17.53058525581993
31.165187082780804
37.729290096988024
12.225407593441616
37.2597617066816
29.39123908583811
4.940419625070959
22.097948436479356
10.307943244983065
34.71661043532437
7.611479140632696
34.319987326301245
28.027606010184925
33.561715001488466
7.796581935878635
29.036979388358276
79.27514609800387
49.41440004717231
17.876712537074667
20.783830616719612
21.021907450949143
23.067326548305587
16.185704139716506
85.7082534878819
9.766907443425339
49.60113145654415
10.508233283290181
17.10349113847687
113.01569501997629
34.331497060710305
7.128912832043483
44.41150398374981
33.58517838880249
24.42810616625735
19.738439452182575
21.482721226275743
37.168015868529466
43.82328508829025
51.480266329025866
24.70358620547347
11.57514730376434
8.303129710526278
41.518430448990685
17.008258422877745
8.682636068155944
11.930318410998055
20.14649594688879
11.971354394971186
63.726249059031815
26.599848343271148
28.167192825408762
38.68718023031005
18.888632619290703
56.34607037211191
40.258584940408895
20.25912366743539
10.373674179562911
27.847244128159716
17.909855327378324
31.423247821897945
42.624559030084455
25.772511135695012
25.6276410858635
9.62798979722767
39.969109137699974
4.472642952814738
34.34856397472757
