27.196519998740484
61.80199006264786
20.37461417040643
39.583207519862185
51.91945449026737
13.437357997863387
20.79423143238901
21.88987550036269
25.135577769504778
6.700995341060079
28.69007971723586
8.721668469559006
35.954685520257314
55.610172797547165
13.786938154970088
37.26388229405747
26.600413761682375
35.09476892646248
1.5869379148084874
29.731658099081415
20.216692277849262
15.513640612779128
33.13341821259664
18.480615550643932
12.373967568929132
24.773398366310573
5.239985243141717
27.207531639862623
