35.48705061093875
42.23218468477491
43.598973097662224
40.816908553156736
316.61028741927106
6.648954704260092
35.31265057184265
27.739661280947644
31.07316905104176
37.429428895254716
7.8187615391481415
34.769921623827145
50.782114693531966
25.775215951956596
48.36628489205407
56.84654535107015
21.53137998038109
22.650704372604224
95.2175029006601
25.328862892490577
39.06812736630876
11.884190352261612
22.279726321313106
15.476765484266139
19.40857102483963
70.61965288929989
34.28149919483869
195.1602801625403
15.30578275694063
38.60638331101413
35.956512381618126
31.979140080007852
6.972647990581294
20.24568940121432
17.265003857521094
33.737452206912394
