26.803020407034353
58.38963622065927
8.411069480558382
45.822148605491435
15.648446380663842
14.969395567146933
37.13780111681422
24.9749390818084
13.746947858311131
7.651363405110956
7.554024005744552
17.292650068819526
41.56641221050663
26.880928971070645
37.66656161169925
24.252751925392374
32.3013777971604
40.75030901629103
33.00257678928625
19.085542277132845
18.165730859426418
18.108823421413575
41.552297768697485
18.20014063328466
5.862158285336449
18.291273470982617
16.120661089779162
17.791145521285102
33.37000580469477
6.443382836070398
34.39864743605581
26.883766892545978
5.876328266775772
11.572786539303365
57.37818354159114
56.587006264933876
33.82502174427984
22.099991870310774
38.41859864730604
45.882801166056424
10.63841152139949
45.76776722540809
47.92214693532168
29.110347589532722
15.322881433791196
30.63667213939398
20.361190214892872
17.612072079818034
38.80556316914232
70.71040146424335
12.530099841286756
19.953498465853784
30.062242052477586
6.469599387300079
29.51705258361109
0.0
