16.56501044645742
66.24985635693076
23.31674714196484
64.86818132944987
50.098363022664245
29.67557606624061
42.37062013646084
67.37238639156027
38.375068976909944
42.36186998315155
15.898870467588097
39.933216622690765
62.98820084391954
22.516985725534994
16.632300809203826
28.491240360050796
28.859080911274006
5.952977055256326
21.821623163844336
35.25440126122598
12.314993701916706
52.342873780468324
6.145055883791116
21.816705222161843
25.464336659265626
10.118311884688211
16.781638288020417
52.259027093606534
82.86799070541028
51.46794986103404
27.40179977180543
22.973844717749273
17.091777914609366
48.00402884940385
19.062086888384698
72.99314413610557
31.39308683390064
11.48616358584134
4.69986100326723
22.62874358357236
7.856140559040568
7.698034449277145
