12.9255907989305
32.50757250330483
50.00438055816453
12.326231047266049
21.236755362755474
51.90150312224395
16.521452619170844
14.997163783841614
27.089331061389544
5.014485407068378
46.26007444256598
43.59342104575131
60.456297779665974
3.988660861842561
40.4913399987027
20.715492971827132
14.929956042016883
150.69224050246095
8.472897533014304
17.1625380941598
30.599090294571937
24.73354726349369
28.427476701889105
23.96487687227099
29.120967405844112
59.07583870870769
7.9078086737146975
33.32810740164497
45.337127232672444
22.861547495609855
48.074252079447234
44.999354158179045
55.36857222846615
26.91325188389071
73.24737558589406
56.699378062166105
14.239517738797446
56.094042887654
48.311054192419135
61.47259207883482
9.498128447595775
33.15096560100427
5.520229996607142
37.57757515857517
3.039873288761072
