29.909070283311962
22.73273127834929
30.60857783562423
10.9424316533553
29.193187449955445
20.629395556330593
28.815972093483367
43.54284302957993
14.7276746096382
33.33493073210599
63.54820388946922
94.55681169548603
15.43243092310425
18.67980816048444
38.17497872740962
39.122325424229345
108.20867561279343
13.837614506208894
45.96478352431805
23.14283003464604
44.93389198661171
32.481678909342634
32.24657681403002
27.774234777089248
2.051887001684065
36.509436457156696
19.159093053698626
11.221974815074645
37.38808350911593
35.45142958112504
