52.612510069977574
16.219388741503707
16.54171487835788
57.79832543532328
131.1724129722076
32.422297018999814
68.22700070718298
45.008742549005376
54.95542504817388
20.732399991263634
37.873750248048594
14.235564423328327
6.22386876168278
12.143142414730505
29.97848791680491
10.47381497784832
25.520344200571927
14.71344910150961
9.99265952521263
28.897694680106127
67.14451793082526
67.80967210254605
9.390498761768868
40.265304345442686
17.379546107229515
2.788055604102297
42.91356265480621
81.5062505412047
