45.487325164697566
48.62234306214961
17.997660006169966
8.618912691859904
23.318097723596935
17.7560238548795
9.955401789414822
10.182835067414388
19.57084130192338
51.36622220987317
7.658608206739885
56.33868281070261
16.435499185529252
13.105654007757153
10.825335841824199
32.077810501275465
10.778668715542949
15.495144531622472
12.568877167054069
25.49339727694128
34.77927675913462
34.29899975482678
39.41796291262203
16.414713331923622
19.179810239464615
44.74379979118176
15.584868340621398
30.995510722018523
27.13904827061745
