42.178300368159725
35.932695750643575
33.52839648603802
19.09136146034166
23.90140905509287
8.948317581217964
27.09267006987446
30.34261727599629
42.29122567660491
27.076927865024317
23.941615516082123
40.373865482227075
11.030004855960073
10.885554380482347
5.765720997434613
44.193437129846615
99.02607035538743
394.3801974237752
27.95577176569728
17.2966274132352
44.1307544003385
22.430914524124205
22.3928105746581
26.32383624108776
7.215710076244591
13.973595048580535
31.802608050875023
55.39678433319109
27.559643067984894
20.21081487496255
35.159225392384116
30.71126009433999
7.645230173069535
16.656162245639337
29.26200824478667
41.43868321466687
20.03280750430318
20.82755116485913
12.042729740998084
29.94876381955045
37.64049746661033
1.4445806573718585
7.3072683544365304
42.539645223167156
30.355670321254195
3.7509218307537253
65.46025535390777
24.830678205676108
22.31636962186637
32.244320165614056
18.87114305460085
10.403678178550479
25.0878714656463
8.596213660514778
27.640835035542295
11.53085595265091
32.49563319978736
67.4067788191399
7.452457186106386
4.662515228106315
20.58703092541637
21.109247020443078
33.280256869985195
