40.10338989180882
20.087387007707406
15.16475649990872
7.187175006690865
88.48654857270145
24.72802916242395
11.994183485693952
27.68823036376314
29.86477197471133
5.038166980720106
25.353205693635957
33.5577090062222
7.852525469788972
32.9148122390187
32.86780974877769
27.363102835941362
25.547880985417834
15.99879863853809
13.3484522711787
36.66879707957216
11.128551418284232
25.588414658128713
10.32128666740958
38.19837035770446
7.074837818252362
34.74916136581268
18.968472407299288
13.33692132197406
87.60248948509616
27.521778890639325
30.56348682870737
10.782640513996554
3.9775420193223425
350.3794762820895
7.1890603994074525
11.211775351115804
11.951925353406722
41.19776845504008
30.595026188161796
21.239228386926783
16.703820963701688
26.726722193266653
