88.39492022821047
23.097999424750583
27.164015646996972
16.48747700138597
41.835159364994155
15.889520867494639
70.11309220411292
52.06974000969956
22.961058774163234
45.794860518408754
28.389286864854682
36.49516794909741
12.11814674917369
27.076664873573648
47.47747473445246
27.261817694235987
27.431851569885296
11.468982615256039
74.53986778201498
46.746064479957695
28.08458365548921
50.148957110859754
4.277022965636206
43.26256092726149
28.37077516653744
5.864281966434206
12.556395545993652
31.005362926265576
29.363742602604333
71.20320956613116
53.92761026280243
56.61021962129928
17.31102604262115
28.31432689040588
38.53379136321094
90.81531468252747
20.563485167114948
35.87583241316585
23.405640650678265
7.1725536065611095
28.628235482384895
21.208120933086917
55.21733250907431
20.401627424036604
93.95233333876688
6.937492270821977
34.321642058925775
69.48186021112541
