77.42585497707802
16.55645948357406
34.679093246933036
17.8930772207612
4.086793550149906
14.097913766528947
16.364400419637207
29.715469979678176
15.55623601239607
34.693976662655004
17.743564613409305
34.15737666110945
10.733749165857603
17.943454503173456
27.26619343809763
23.953054185770966
53.56233838654782
8.997530915735979
21.00602989537566
23.543884781770274
24.697868654893966
65.84631663792152
22.732456258697653
15.712432363281337
33.251375965549485
5.7319170066679845
27.929370676543613
