10.372868666461017
19.280629429918974
145.08128459087055
1.5087668056985564
32.660752923955584
13.482522217104218
361.4153266535675
27.58362678085622
20.34609524958691
4.624432673532596
18.85370532921894
65.74371520976842
19.616503069745704
22.52537458041681
21.87941049541523
8.680051078659531
26.433704133755356
3.0251511827145237
33.6108653943171
10.808110499169885
29.331302337632167
46.11944713404205
25.330069268889787
21.24561910473787
26.633729657836213
12.387195386752822
39.994734989853086
24.41622712946615
