40.62083946537622
55.39175895289446
78.9255206003633
9.168200368031137
23.915924829731864
16.739702372620002
17.515461012062076
23.43086821901261
8.256630249494975
7.7413644937984145
28.173915953503368
26.00381159082113
4.604115602430014
20.70868311654388
42.43848342955299
21.114353434715
70.06996977071674
43.42432269890577
21.22504862328566
56.418503994187944
9.41945720641229
31.4784938184971
24.93644189954506
6.496513896384897
44.62994323138642
3.1315316233203276
27.96261977249759
27.75435050970593
11.528822709644857
