47.4647030151945
51.982000843223204
28.076167896981133
29.725564942424285
79.478553631097
34.14078856565618
46.92944509624135
45.84995424845937
36.54732822599695
55.2691397995915
41.280109214292025
47.63897690731355
29.594235901068103
26.074572808449005
40.24099012190612
12.330512976358577
36.3583745770878
4.738497765768386
51.143385777192066
58.75360982568438
33.12813075250929
54.52278685493735
46.895056869092215
28.468106831772985
57.34366005019345
17.44491780454034
23.735941607097928
40.013605772728454
25.81544441424134
