48.05867521099363
23.062641979585237
9.500027010234248
19.720310422611362
28.56811912924212
33.97317340233704
40.23509556539304
6.635840369892833
9.740933064390191
47.41337572739771
15.817330598035312
22.6017235214226
30.17392811358056
68.87331597234724
6.058521718630601
39.06972518444594
29.08122101421266
11.890116285764492
48.9898046571811
18.929602772712855
14.956463343891983
60.266911992294254
27.193469456079242
35.616835607022324
42.13162934819643
46.10062336200302
83.77561632390764
29.475244531078204
49.42144976251595
76.72210871677869
3.404696475692134
34.45638021615204
25.272557451681152
42.831751699023954
9.448439011176603
23.19838328353356
33.36404785810777
35.86913763745757
36.87255388832217
35.10187680800348
22.410042547081204
7.479116750062758
37.86914408570841
19.27223623312379
37.85835974459468
22.647093581595044
5.723000226299234
15.96811959024518
17.849825675696195
86.10596848101162
26.03661342581782
16.032026450689372
12.774231099142355
19.39933067273006
19.929685533037528
