25.02732321858369
79.44352687143368
15.902970924952484
26.424767629623034
106.62518736053254
22.311553054857484
75.64035609101718
65.53170699637685
33.22333447421309
446.9561522445637
10.672720617754806
31.13818231353305
14.908892538560849
25.96083903204287
30.515609104627018
14.041286514731212
35.69531064906836
40.16331361873661
41.98905280046783
66.20303601095554
26.56873643782258
14.553092897432862
9.488876339282015
22.05383154308423
5.187810535332929
17.147610167132797
15.215074344781556
40.69689848391468
17.7870949365538
9.334220645282102
9.514906426569468
38.68319980746686
34.10623859665108
10.881701915980088
22.766961821359885
18.383000049863185
