3.3547248118085236
79.3823701058777
61.699339201280395
32.067661684798225
36.85417713005518
20.862595708969536
23.25721594093156
45.69597653136694
8.872601678784207
21.509589840899395
38.8335230063163
51.59085321000953
20.311010016525614
32.0227243352511
34.61482681809913
22.934729010842148
41.81742322359921
27.09470320539407
29.14713781903808
32.504383457788876
26.05515730373284
4.819761775965702
38.538659998879055
37.55062004895416
63.9830141553837
37.47449916961361
29.313033135425798
9.831127159667787
