76.37791989434788
18.20817185360022
35.073610830848025
11.35862395459904
27.868942245203698
21.665544847568484
13.90319836938346
43.33371383711575
21.48716194140411
18.262413476046007
21.68944735167726
19.18743154881274
39.80206207027787
63.35590198456717
11.290003900975648
16.890904084001534
34.52737558971596
10.700637039278874
57.43126456117764
66.90464037319653
16.261433212481606
31.594457123434935
49.03292639093844
65.77280380239226
51.466567097803335
33.35488452459413
57.84452936969596
60.7429297380169
32.95033529858469
15.89693968486614
22.619255806993948
5.408641284450056
28.485353918047593
22.061541107946567
36.628848194571475
11.409951575296816
7.872936441290378
13.63969842907926
23.256155968992346
59.860902458390186
52.34221468691841
48.0507538006936
57.1687654311273
48.447294715678225
66.59000964049676
69.7266126067469
20.3864053021789
16.57510870094893
48.16533730623158
59.66609839755749
61.62695795989423
78.60115454954087
32.10796651057467
52.21189577302286
