34.130502446986384
21.13392867301698
35.61544705825861
23.259104736677898
52.99562485823341
8.021481692486901
16.898134838835347
22.554908740799476
27.393353672649397
77.07386572196731
13.418227230071295
20.409468731070945
21.50824797016051
8.025787557461598
27.12707626304106
34.66548855599811
36.553373375874145
32.20722239980876
36.07302428204747
49.2588957531283
8.88086539331411
52.65981845100853
33.27157275810325
30.546320938475503
20.027098367150046
11.631859447792564
16.546566078994204
47.22153874690477
3.668800808780105
65.17790014951228
9.157197198008959
26.98979589069876
37.82224628701897
51.31945345422315
27.833200503169166
9.614281322799854
50.52584461407014
30.464559741743045
26.40684929900499
32.26080114266625
44.76132171081872
60.6412793764832
