68.96722003440645
47.74966120683146
20.66349299544592
31.39089087052548
354.8799449253003
15.185865310021683
8.26248392040577
11.887960838282225
62.020467813700975
35.58108167205987
2.6907440031931174
22.432123853199016
27.964084999429176
11.300641158306178
24.668115603534943
9.450667496317706
1.073637036374663
24.12324384729149
25.457965184240805
14.050436680572744
33.64552382040867
20.74459000401086
18.857963033624912
57.16264933950943
11.881042417839694
0.36917611681931817
31.16091982343778
19.707096974486376
14.677009268873562
29.33856311605001
23.994491049622653
22.756569455184277
54.656273779319676
