55.35718659390223
6.777508670358401
12.149822734716707
44.24562064732575
18.809711246223713
2.269746002646741
31.070758416146035
9.639894022789662
29.92944509114666
37.366617985290944
31.278422854524308
54.84744283677995
31.62594590212268
28.533313358621342
40.34211893134345
3.5911277278624993
42.76206507050668
53.83215173386111
60.270573466443494
6.935957730685686
37.959079732960475
3.232011155115771
12.436790152778684
17.078797853593073
18.768179967377534
18.243430355180465
56.998448274754
21.858330951295926
20.405313911702237
