24.373671258739677
38.54835643995888
42.40391244292201
21.937762714534088
32.60654205730171
31.039934046709973
31.634919210872738
20.50780643281493
14.617067452329053
32.191612803035795
46.68666921147786
49.197252774035235
49.33947716783271
5.549484386614495
36.55936146905469
50.2046514966393
4.869418430337035
29.38674534248719
40.237725996517824
74.42919378426326
486.99232072786924
43.25580095276182
60.84347222811756
26.013388201455385
30.400165357231614
39.315217716709355
6.103723621679094
20.355144843969256
55.43372364139327
67.243597660293
20.738736607324967
48.79442032688334
13.248958878537422
27.092516678847332
