26.54700141130553
26.265115229527282
59.42642009077295
57.229782610558715
53.61456073051755
13.77109676390441
38.15439259401231
23.323116778612132
28.743441222593702
35.467506240694945
26.5811883997429
58.6318889821373
26.65584212854546
32.13532958172513
10.166103470001644
52.31342735264269
27.199436075384895
89.57808447621798
19.435255005853264
35.09106802508376
8.453505354881074
68.07830122010884
15.638861088185308
89.98671839442622
37.38163713605212
43.77838028992802
19.617441666211207
1.8969031635851081
58.49518259928797
41.53075546758021
19.78291851172463
63.79917277934055
7.076099758978529
47.96711698091137
34.64303798686993
9.438845555003184
16.69287571419011
34.83257104028836
15.75338527697852
34.14323471825722
48.69042851736312
33.75484745886834
