23.719045348405103
31.554097148369664
8.581733851452015
25.08151449184558
9.03134242837632
12.235052227397887
4.981012677473558
90.57778320395292
33.430175722529185
8.987283564986456
18.633162926116995
19.652668390295787
21.742507674476386
20.673095554629555
3.6378960648460748
22.99385178638701
12.553740019806298
45.99220238292045
10.148322581744765
14.207363436295395
28.214123234972362
8.729515416257783
48.17254520739186
8.169300786830263
11.723871518379383
43.807889950682295
1.9221930953734159
55.79345984783869
38.67084450816465
17.10622641986977
9.273837733415562
9.942075257733748
11.526912557789544
32.4826696898796
15.520483436960006
5.856578635684684
37.747706586608345
24.583844162686972
34.340626487751564
33.41570431709346
30.104436425729432
56.39078459638259
25.586037940792508
3.642201286990428
16.586113553884715
94.83319745847835
13.839866342515194
6.1788943016043305
10.1860688976478
9.481544819162295
28.94860747885984
28.424100747355055
