52.123408173717536
25.832326939699954
8.18504480581143
26.382810922589897
28.65072026198368
9.536001647533311
42.46670417420168
6.05186724203449
40.602786568348066
25.34703247629389
6.847577144595391
27.999784895213295
14.979310237567944
53.01620631791327
38.949882441955424
51.42236579570255
25.825564546827508
4.7662120703140545
21.337877421267592
31.39516656443267
4.128606237473491
64.98411102323298
62.65442367014417
26.58938194054842
4.530516939457698
10.14398215281679
9.471914775968699
25.626313689691457
44.940634572552355
32.678263802410385
24.904485044695065
36.811407997810136
14.722715809157023
21.10720614216416
16.137563768583618
82.40312783109734
14.85399760064388
7.057830269860943
44.204569812707376
14.148353066099446
35.059617032867436
24.087123408316685
13.40331374220493
16.20845110191607
21.936406690490458
18.60683149231555
3.4230593201953354
12.212892698631066
23.200952807850854
4.834181953537438
37.31559902545138
40.05888942075427
28.54638094618828
18.450479269016313
20.643855559440468
2.6815681541435055
42.55892161851861
34.499836232379266
57.40904835784079
23.77385796600589
58.680234307654985
20.48255603388509
12.4431844490272
483.12420186615606
37.67494484143414
7.664938911723169
41.1080525291605
33.47507989555214
86.22370905476221
42.71643533804536
4.8160008308740885
36.10417339843667
17.1753644397471
20.11241784108043
10.89880162396409
41.01236126147853
50.024327754040826
