117.01083738009297
6.605222441063773
6.526076414790225
24.343075259194208
22.16833038027052
28.305779612317068
60.285838435790396
10.04883067872035
1.5613155259370615
22.517772150746936
26.288077875763292
23.34474576605649
32.883681263751015
29.16173886624138
21.41422437544246
45.56684552002588
8.004895400687786
23.113365963560696
428.70102616582824
54.811983596941644
26.357769953219844
44.326406916796685
2.8076428699610574
18.354981446258336
25.164935860734346
27.33672878009027
16.108177028795552
13.646653384819203
16.405235792104307
25.95772372380891
