53.44246939194403
15.614758041962006
38.43500801958018
16.43983393068325
11.677793141803647
44.334687190329134
7.785309827156311
5.972362202606746
7.306080547130733
27.463744240961162
11.35827379408596
16.126741494854215
28.872869597671453
27.039737596917803
19.7282035082157
12.560383124961476
34.5435909560411
54.085112474851584
31.046735704759072
56.70425540257811
33.20841939859183
67.94322626807522
18.22735695442603
56.970705552891786
14.551170446588486
27.710933487962564
9.63823016848157
19.486139585654783
29.169980308978666
35.60877850159842
18.153182902394065
32.75256433782127
14.428504813761776
30.80926185176378
31.842208386329517
19.69840359629906
7.8464956021842625
57.61077355670493
79.649443291821
31.357023633040455
28.36501108017609
12.950589150634983
2.6327027140071095
26.130731561544124
23.596926429394486
41.33799687543532
9.416770782593971
10.039046878955887
18.906745140604826
34.72422301034487
14.150840090488487
41.71876751950043
30.31274766235802
28.51612102269597
8.759895401090688
16.345856613424587
6.803385034861549
14.411871686997998
15.796481897278923
32.683112898552054
13.084957783737309
6.1787619565900656
