45.4544050230847
81.94692440841553
23.583901813400786
78.70075562387703
40.103275445277745
13.98862886495121
31.756183719283456
17.69932863658434
13.862085134998665
23.170517894924416
29.584716323517497
45.0403098989036
74.62493933352147
13.165945957606255
15.487382926941507
36.689442780282604
23.837122467076895
26.16263752348695
53.019474182039545
13.407846730789345
18.74615221930611
6.328373054528868
19.372311902311566
31.673703407944572
44.58597152813118
71.75979660799133
32.46175839031798
27.58872124495582
26.946688184070354
497.94951092771356
6.269351794784981
50.723315701753975
20.49276985399615
