83.85865453719009
51.76852636102723
18.552750933266367
31.73609155658545
25.946692980666768
16.681295701219227
8.21973893986896
20.20240361948487
27.6374423075017
34.981475499382185
4.91474553981962
17.035980667752057
22.17692905511214
321.452241552515
20.360463792812922
21.255564369533346
23.54475965996066
11.64624806077029
74.70345807977094
27.569449426589756
12.178533394650543
27.088114881044703
8.409656852292088
23.84710663708229
22.22169527043785
85.74874165634823
13.80575098677042
37.19612864179757
4.42762168968946
8.825277062181613
24.188323437529647
2.6632930644744306
69.32319935322366
33.65007716197414
20.03699264952016
18.240597814341186
33.179502021366744
49.262243329509886
6.469936346575935
398.0074562026358
52.62097222865326
28.318118913417507
7.910501520370218
38.8966645875977
14.688051766060255
22.569943628842324
29.472551665477795
25.809748458006894
