79.85857576764961
43.98330469483312
24.9725693353532
9.805798858742236
47.52646141987441
24.67561221109426
57.01848035129932
80.91219727825117
9.61424118720771
31.395421154519255
10.698065835619815
24.29563878429431
38.70860019843033
37.027388502609966
18.48399371014486
48.07723586332341
12.802658519614056
13.958032881526009
7.509066551626773
60.19106432348245
16.82218745429833
37.194518195204594
6.280774096366599
78.26800876861043
27.965816224101076
42.547542571680395
12.398073375522188
71.08096752175771
17.27334161143169
67.78213418245039
9.611056056553394
31.787214799072075
67.44191391820287
51.33868784058379
