8.641794418232877
38.89770719388872
38.224038155686145
48.18946316258135
41.73796362003699
78.06234758631808
28.44843412513262
14.930141825270198
25.974876189119215
31.6877446783557
95.39909934791402
20.719159050646994
22.22678186848691
57.00006613216672
10.8147613645516
30.67750870388477
24.200701248034733
18.448402788748098
36.33825282691858
22.19273665374942
20.391457248486603
34.09013001687745
64.44723994949305
37.12591007371722
75.7637862863015
32.35759267070355
38.35947339506893
20.66445304697629
24.59462045695922
53.53209478440398
