9.25670576581581
26.41090903671912
36.54312235051367
27.461714871951585
1.0718870426808849
22.704797927920765
14.21921838920835
42.070166526771644
3.581904030623704
37.42432320056608
21.4448113295106
24.93867776405021
24.52635137335473
49.90149756562474
24.62680422656885
32.5848823080313
13.456284042218186
10.565920149501665
39.880125837899996
33.596014506912766
26.007100675309417
16.81081541341659
24.011124221850537
11.76293619556185
20.842756362200646
8.806091277815781
14.411182227606957
10.978698256417516
28.808299786799722
19.531505985118528
4.861118993987063
26.810016405276983
