30.3641267659614
40.00491180309959
8.909019572809626
5.3982533479563415
13.415814760321751
171.677404576102
4.322974734575467
14.999520185626096
10.842608390452142
39.65305714162366
17.591659104354335
54.922104377046765
14.855778206417042
34.97454314547642
25.766547899559782
16.051783371001562
6.6119588756678525
5.020188966381113
39.735722596920624
21.669455359884154
11.273324307895507
12.953955935782773
16.84225036838575
8.485106050444841
24.750505325301503
17.577279725809902
8.520386258717181
23.303021620589845
35.424627892649184
40.21349103014501
20.173165467305466
39.76737021175083
42.29701700114259
27.007272396681515
36.6329964953994
15.897483075477538
6.239958069807585
23.125759644166152
22.862583315897638
27.932689393316934
21.519859572551
58.55568957335906
18.973691008675416
15.440622331930172
35.7158784379519
4.37812108869349
28.76443800863325
15.998599304586719
9.010898865897005
16.739137162235565
23.900780515326687
3.3353132053499905
12.743023772363685
25.129621234603377
142.96423918274775
36.20665078967707
62.44105237327835
110.17032895806155
56.75107869809926
42.17606604845669
28.381042294926843
33.15196960973594
17.309089773246484
9.268354232390422
9.43246673569432
22.420902979556843
