39.52510539754188
56.03095177970931
34.23188592476569
17.786741838645383
74.60068695373597
86.60432469309201
47.694702098237826
21.659526375251488
91.49311747571053
60.427692176981836
37.23408844687489
50.12689091704442
33.42358917438361
11.305384708797618
45.24573267963768
26.508969830707855
7.260995930397996
51.03154234903269
52.56041781813701
7.305081024142538
28.790642854567494
16.228476846478543
8.995916979648968
62.027349034050616
30.465055421464342
69.94088460247293
29.866116260955067
34.54121179777553
3.832211243981078
10.556152839389796
18.05850633017009
52.78698535816014
