82.51623758970328
7.689522881975421
51.83659189086438
12.666901706068444
28.485832359140176
47.09290315147254
3.990594727707645
33.15202883162286
16.69283916271874
32.817220831372566
22.518130035901493
54.41373878156817
10.813967505444253
29.641756798761747
8.781985445325802
51.43968507547882
25.48824112420519
9.562581866504331
27.561060652143453
19.601933790238377
30.78459482479124
62.66552108117861
22.32453114031
36.88029049567763
1.907392392638343
29.12658933878896
23.065443912851492
29.98612097869183
14.23950560441105
24.255527368725097
34.10139387974955
55.869794929515905
58.341771675404885
29.669414350203866
