28.718047066441244
62.99307306032955
24.116653455316538
65.30783002299441
71.52200592823043
54.06430199097156
18.481627687315722
25.646944276557804
27.33608128636321
43.00198177169874
20.741276122750236
35.86969847700419
79.27949926738435
22.19558255745129
23.20918293520893
13.91947368975491
23.5729808398695
35.967602029591404
45.09758298785911
26.537057831650017
6.478375435399883
26.955788339842357
23.49249086658392
57.09360930773643
19.08721735309112
34.89918752476132
35.491740867885696
29.958216826402577
39.52747376911864
13.255280659705278
50.75099621057751
30.41882041868533
22.268762754818397
45.72481373903129
38.18827367190737
44.05818097639255
44.16447061514667
12.350758159276651
63.94573457836957
39.88263803190847
16.261684562758816
