14.027388602312499
19.683210865147885
8.819826501602734
31.389956091536646
45.095111817769734
25.538342892497184
363.2049150117763
17.17692392127921
17.447263888572934
14.050759791631705
3.1897392188312352
27.508429744012673
4.960011804886591
28.9176755864558
12.989709624423625
17.25140571281618
11.587184714502527
17.319629097622112
28.982075905491556
7.68579136018424
11.255974739607979
36.25210128479553
17.278967504386188
75.05533726241741
27.3971038472408
10.516965344921587
36.7011992698946
13.850964988027343
7.155441595659653
30.319422658953187
7.760241174991506
10.292487133929825
15.720898972649266
19.362104649472073
67.60000963856321
4.113141562127282
19.591066089619773
10.200014157007189
3.7046879180715138
35.00600420853726
17.698755143515967
18.164643647903773
0.6104219707444969
11.056935541732813
16.8152551690892
13.540775111501631
34.25750527811856
15.449436160240964
26.686702351121184
18.048481865944638
24.11514480636896
9.349970141755236
11.008472106975574
14.147124990259556
