78.95274054682548
40.00812232908365
14.881921242164253
10.275235322514874
43.499059648658175
17.604764869327937
21.14747083173097
27.816094806793245
12.975715988096937
39.13375993873967
82.30878127963754
66.96174717100328
351.05216445861663
21.191661016000666
7.61022541858469
27.286014964784414
34.81009615199591
29.85288074245844
28.773008042271528
4.111684497437693
6.2669572767984505
12.22703768229141
28.15002179536998
54.63082454416136
28.858245864192924
37.95735710146141
17.484275890589657
7.664538609143307
55.72392795508625
59.42073091924698
