26.028369741702917
46.55510318591874
36.05946358078896
18.88726615171251
21.137980496997642
22.66184792125334
29.790725511985954
33.680185828164625
25.322469758885305
12.62163485039595
29.80528900275354
17.48580605796073
36.39396580469395
3.7600147606241876
25.35559931002892
66.26349122564032
53.949707802451925
16.448089403928293
24.206077089689927
18.712485924838532
47.30764938045414
43.08124472404131
29.62352598519861
14.361182973234946
12.070252097470942
13.687264442935117
41.57596905153869
5.724298575434432
41.069364747047956
15.756260272499588
23.60684819877318
13.825588266765365
16.14951839324813
42.20824131246091
28.549137461839493
69.57418068658085
15.317589237441382
12.037853076408993
28.46541469243151
14.742757724453341
15.549540415059894
16.675741293430903
7.196264641319118
14.381243912918421
13.150286843914415
15.732596942779324
13.541521976875629
28.250457108452466
19.37134250093355
34.527373505193
20.442301651448346
59.09419269705485
