2.9036009844710975
20.233206081992194
55.95505873619692
8.3421031873132
13.890299725015097
13.520631425640488
6.842967763081532
39.93633383540954
8.662176008638966
45.373185075382594
20.728412214376007
9.37642310769435
16.62110122795849
8.430013639788342
18.652928006957822
11.389103586868572
16.655099278744686
31.160601376691844
18.579225379928744
47.1023594551999
50.05629652094973
26.521094099632165
63.033288710455565
26.47343056771092
17.454912060702426
25.42336102041999
17.309091572302336
36.48167380596243
53.23430278227369
23.83855851998416
17.899106559884416
34.4022723728105
15.952698014744257
10.233815928090394
66.5766872355621
56.283419378059506
35.717255432571605
30.447601010112436
19.562241758008966
14.067599442704534
15.304207806548916
13.043176122256298
