50.86726723150183
47.23349892895703
41.30028412751909
49.704776173446845
69.28675026703968
11.926819211313756
22.305065100843223
17.113030461185446
51.70045237958222
125.79207858855966
36.4335180469908
23.735579883455983
21.37549422252198
42.057449300172266
51.77564930646281
3.4258783549645386
20.16701504786613
8.638890412356545
26.822272510836797
8.458497372642228
14.896780770619785
21.456676671966136
44.23360691064889
18.274521987388
55.19762084050028
12.586830799291334
13.995127051958093
24.7768992745186
39.907395895371465
28.831548628967724
13.336972719644038
31.67163883764823
34.04237323965779
