48.4586006250519
22.062242624853155
45.98318442628741
59.49057226798338
403.1362251290808
9.84102233171086
73.09965353896112
42.89667779923383
10.226280140200515
29.135007469578824
27.484894419637783
85.78322671434243
50.10275865074492
47.09379286252991
22.479630810617564
63.21679378089952
39.84914665912038
52.23061037546796
47.65880379695483
36.67498518917273
65.16320876755711
38.07626985942693
14.303187825688923
31.919815967239032
5.1832602729317045
21.12888506375758
44.431686060669065
12.01070106193768
3.255636605613944
41.84937543235395
10.753827054085974
63.5555915045185
