83.84680630590326
15.030328236854757
37.71810126688203
11.024822221428948
30.21633347157895
17.073762671454688
25.655156528694476
56.44608047559257
27.139350813573785
29.62209809625429
8.71971718472156
12.748566069605886
26.923754370140713
17.514632847670754
7.773220766925846
27.622470610289895
71.05989756943734
58.775875723751724
44.41472433937071
14.079256145216462
36.94656247119855
17.399670459753438
8.302935795758543
19.259086030942385
19.123688492006664
22.35659507274228
19.179463573724277
18.64748128124083
27.490092907640786
486.4366551520581
5.816455393245889
40.413884893903514
20.317097365297215
19.49319616333439
15.117382001115402
14.489541959369447
25.864440665908305
79.31921429311572
2.16803891796431
12.930839455842118
11.025509099992917
5.529318783140042
17.731705516409733
13.925948187201428
50.7768537560207
13.822563985647463
75.07102491315574
23.486166465189555
51.25026383922231
13.139459854412621
44.21049243866068
58.7456188992486
35.17291573999273
13.679392088333927
37.300566093398814
11.949933850497303
36.951292255699144
18.15340282269291
11.543080479326207
16.630201221684644
23.04303287169249
28.942552190065427
43.332511662290656
22.889876911801082
32.70074960145844
1.2615454101868409
25.55983487486141
4.046854872672753
22.469162988259825
29.939640058363636
44.08862868530825
21.463297147819844
24.946250799648936
73.50527498602769
5.499093357279605
40.729865955515535
37.7531392512242
43.90242937914779
