11.38048375090004
23.102837384807458
18.25572993527379
34.730750401779744
69.33954733259898
39.33827925894147
10.256744777930038
16.968437071965752
13.605752592540156
4.066848707300892
24.59525719333155
49.6253208763505
32.885718880902346
18.57546575585809
12.12956491938128
28.379905989801244
5.1343550097777495
9.674030361337671
26.406822052488906
11.918329330535101
19.33348295295488
11.382363783449378
18.572154128426064
36.99949486575939
23.449071305972055
15.361605572890042
18.87060103744605
10.176406797381304
17.557018788611856
20.880649216859325
1.8305113471118801
7.889340494595984
46.93555427001088
