42.03943701615198
19.503813298670764
23.968399372606967
28.588837264724845
22.73343743317608
7.513925653806496
31.946413251229004
5.209173318318648
2.5887874374834325
8.466429200753893
35.851324472282315
13.17040240707324
446.4049556669975
36.13720666217108
62.44532714496698
21.557280408209067
86.48736172131748
52.68168865660641
28.660326274584406
13.620596279799742
44.49653944179123
15.514946785187831
21.134531002774295
65.591710807728
24.530961148451183
37.186754436736095
9.408359968276045
18.811083806380864
9.930726642469722
20.297974903957027
24.18556045996226
32.07741193031197
34.70869762000683
13.326724695777486
2.091498091994225
