65.83070806650589
24.005556789916653
18.982117530594508
21.814814373602402
20.961200739641015
24.672222657221738
24.417006066171638
26.854636856538107
16.290782822824355
4.079110918264334
13.749732126452429
16.445607917470355
29.84439728327179
29.57464299637421
19.180148325175637
20.77452567133298
30.9599373186212
40.311091165192806
8.745365875783833
35.70000298711754
2.2524837682718157
218.59203322554717
30.101544741791457
22.86443366137034
38.99143385965756
27.569828756421515
33.522682424658825
30.074304878324753
12.892747815685382
393.18193189616863
19.240415247849498
38.71268650493346
16.84957016472022
27.480263984733313
2.4306067617701075
20.18130309901055
