19.853772598602433
35.20293045677927
44.35670403698403
35.02746377573652
12.11022014964135
24.675319989056987
12.097601027260069
43.184504509490324
30.948605502493237
6.01313144459138
36.77762093376779
25.135542490987362
17.787899197711056
39.33553458300625
22.289788419203916
15.50039686784342
4.528192019692369
35.31836825945567
9.044731094521907
10.882340517757399
35.251360660416736
29.52960009185999
22.85131476435774
10.04662659902371
45.3065596139254
37.36522574569673
18.953924163721922
14.79996705704393
