22.671067437590835
76.20644796910923
12.587905354912891
7.7721834139440205
45.554437018725366
49.546373689028485
39.16271809518443
18.45962377495286
13.453066579555184
30.960852667809277
7.768046407991363
28.485237973150348
58.029487699054286
43.40827941768913
8.075630249471686
26.219172379444927
19.479590424281724
12.034511115157784
36.632997117479746
57.07676622662797
20.70025343406425
2.4301147232965263
32.26856862374498
12.560538996886748
10.711199824495921
8.745615360104324
9.699068743859385
37.63661536517597
40.73330332896566
30.341923960353853
31.37085920751383
8.436072317842246
12.803014775665204
25.16285058129239
29.130985604590194
12.825906952025747
42.80192150959576
49.20532366529413
77.85852969834815
30.30143859769842
19.095831619181723
21.365576692066213
27.218905118589717
26.486818880497196
62.14730412591743
34.623173539242714
1.9192811663751286
44.25797080538214
26.667683647207213
14.499120437914598
13.365123593489272
14.163607320813028
13.525592429467025
14.9068372301532
17.547899699097556
56.129410702423655
5.187481047134611
16.905432841867707
14.372586292789407
17.573270059541755
20.698827398439832
40.88931808803659
6.570851781458543
4.015541860027071
8.164580779335608
53.57489673777167
14.034919123786892
8.172407707460565
12.778254801718248
33.75068928187669
20.397151755508418
14.830229935103489
4.912302435219303
13.660753628988687
23.83769899444647
36.562384898697886
