12.50819435480895
35.57240981086693
30.206187336193892
22.959272163016152
29.440581181615926
35.48523803236408
212.3213680577216
48.63961148745025
33.76216431933233
19.217229539812323
21.639498394426028
87.43935274222312
7.176747191732915
69.51594294856886
74.0381116664476
37.93054405798418
85.05700419925124
26.3773710743136
24.05531072890409
27.192475592009032
23.800404221107314
9.469723938540028
11.602659937924386
39.67590627478302
20.706323259086332
23.57901548658114
36.22818087940132
33.89542941460246
13.749538045222607
56.11482679270142
14.66658315295966
8.426847406669822
42.29830945283203
87.18073100641587
48.47911876759839
6.081758604506945
336.28529181534236
46.21724494212205
32.40938322259244
9.245060290134973
25.179122866607656
7.665039384377678
17.8208939737747
18.967348729794693
7.040802823372829
23.84304666600896
25.87174086068609
