30.180201094136464
12.536571614175926
11.601829700141764
4.305880365457227
25.83859769430667
12.8723852831547
25.216809215149894
20.023317047438496
27.117220231313993
33.224726663882024
29.196564076966524
75.98390386425552
65.63145654143504
39.75208604545236
56.55145256267744
37.229870061214285
69.68446104758048
18.084992710021282
31.764080270551844
12.519125402089372
33.40144905152462
31.241678634172686
66.61926886975832
14.009267016137215
21.60394610712227
9.308731688717558
4.649425139482531
26.430870964303224
29.69663138340728
22.656862549064797
35.90984963397632
