14.232715272350418
19.85234927988745
34.507224945756434
44.034249552609324
24.599792332208352
33.07678791921421
16.90766879306969
32.07027567684676
201.93601290275038
36.49937271324683
39.93655336891453
7.605528043616516
6.0014718177507405
25.891788499120068
22.136566566031618
11.992427537376855
6.031456200742809
90.22929207321954
37.336543839712505
13.843909479806882
30.080633860378867
15.411408310021557
10.115090999007563
16.520983062113984
14.69753327195491
78.40929942156988
74.62990271455315
11.432838415244163
28.892090259783373
45.26837075966735
26.93556359728828
22.598092717461498
6.580762406080282
47.363084011403174
