108.21866915724411
14.512941833868993
45.79287376544136
27.925065781675443
38.62304092591624
39.02768094615287
29.879443565979983
20.197649178453545
41.11576687797496
55.39724441162154
34.01926420018589
22.63803683174808
7.723172247557187
47.703908429975186
20.77575740010053
9.130863668113705
26.46388869743643
23.70632955114202
35.50857192755649
75.05853561221711
15.933376412293171
81.52004720830679
14.553897946239204
27.702664784379834
36.87013907081965
22.59852593595224
15.157156977953633
16.813611819658462
55.75788266178
25.011496491821333
351.4769713345513
34.555837134330275
7.451351340729815
20.82348827554185
8.812259409762376
43.04354808755316
