45.59898495481521
21.966380812268312
37.869722023702224
69.76891707944615
28.19584453037743
6.826412025466027
23.518834379658614
38.16044138963986
18.024961645686716
28.399209455637447
16.411562275601227
14.565500031284415
47.27094383673875
62.09967604488966
54.39009594095771
18.949885339042964
30.385163921408804
3.6147376567747074
41.24933527960815
5.299089771885207
28.388536330767806
32.59196385144696
26.584723417196585
3.067955613741262
27.98264436192531
53.66146915308552
6.181028857878232
30.554760110083194
21.23505388376148
5.702368900065949
14.002802807339506
33.51861331519652
