73.91517630941928
30.181548593464385
8.04969147552319
30.74259994002412
24.62241215266738
38.93206720122174
9.105624041594126
55.94512595715304
12.233819590934274
19.826466548093123
46.07507888350381
29.39018705045396
26.82030486617859
40.80640736952037
45.75767921807726
24.691653288265968
9.915856060596212
38.628965215822575
33.81111614367097
21.95035266563758
45.381957796465116
21.421887822366045
30.126507406261737
31.73099041717964
3.205450225514795
12.63831134435614
69.78113531304572
33.64442649481256
31.75744990039111
13.853722566498675
24.08486757723658
445.2413746821021
27.68490976455361
14.662077335819077
31.752037076216567
515.9700490610869
16.068880638396806
34.09331866887112
16.79004007731801
10.877630741307172
29.28491148321808
38.14002703887627
22.5783118480944
5.1817158896821525
23.39817404388809
46.98624424289207
