59.522119731533465
11.562531339085268
38.034287452931494
28.129742965387408
15.795589712944235
59.99574933596563
21.452051155183483
35.138987152147564
12.013198513800944
86.91893288565622
22.784595597150442
21.49661325899399
7.091877007589773
13.415218564586127
64.20918744378741
29.995808852890974
32.4034160825873
4.2255941272053406
19.410103458456916
15.280652800822082
32.394666564785894
13.28760166723933
17.74030706294866
34.487171815620854
56.08910055521987
13.267300708992394
28.39857374271405
5.353335135287281
31.9529430093815
