35.78247700724573
33.06742638524659
26.9633526357745
22.88916916556883
28.226444250489237
22.821596733996927
15.419151883440378
20.728407459144393
21.810636059569276
5.714937776136367
28.153255906020945
69.91217362526102
11.094803612497287
10.815275165200603
44.901235957939406
42.79755891312979
12.817325258015785
51.23792909115005
17.335862665478487
30.552019728811345
26.161648482598892
26.81006914278977
10.73940464370392
107.69539059135747
13.684751723451711
14.677529822043368
22.564858803018836
13.423698039741708
3.9708480612090398
21.995438465637505
42.8706048927083
19.44476718133535
23.059180628025942
48.42161815192949
338.067827761521
29.934556005056493
12.142672883058253
46.12488539820558
27.88228089058225
42.13733436776002
12.843471909434811
33.747175861786246
35.21431064255708
27.527869780598152
27.46309218971828
55.13808632174441
9.726584000533506
