8.285474058616927
44.82879627012815
34.861349500806625
18.39018341556485
50.38631183773688
11.963543710640977
64.55142740232151
80.91145821428674
12.352515014119405
46.391742636566846
16.64170725749466
28.47673125367848
46.93184947038435
43.99724643841472
18.17014120497103
23.322214241316118
61.16830465298929
6.376778103893599
41.6972209298942
28.541506601750967
55.367150064634814
30.54667077288306
5.956855141177726
6.285004018033732
32.60832413297683
6.585914710337704
30.628675604064824
38.32323589888679
19.635231416280504
53.782842060492015
28.94077273658813
62.52276945165184
12.226709829792455
23.44640483977423
92.03236137006563
