13.38825612490379
13.682465808019373
43.24626355540241
47.87658144740982
17.90410112030895
46.32710060070363
29.139486214344174
78.46315248680085
16.90596331103785
16.161149220417514
18.82598000656668
5.431690113188694
11.751436915381674
18.495124462734594
45.90274581035598
18.516222938918446
18.94474772377525
40.941288620036175
14.289697640782776
25.453820704545365
1.9531191497737836
2.8484841877434803
17.309469850771308
19.002909034596968
20.09443313770106
17.31709109709719
14.960508230848234
21.18932572378472
38.57501947324499
