13.786718913235731
23.029275301849452
17.949346938887885
35.04631848318817
65.13341231582181
45.099509637020745
10.908933825896924
18.809437699354447
15.627806999896194
4.151455113858134
24.592082435706573
50.32050068757404
35.28048337972612
21.72451588960284
11.875732437347395
29.531903494752086
6.157997850728449
7.996793827296372
30.284267017543456
14.415499635172537
22.41350271194787
15.82155874743168
15.40922231910973
53.36733664910918
30.459530181728127
15.365944557171417
19.938782663099886
10.210231370986975
16.898421372811313
26.091644724641
1.7563173843308135
7.909127189320827
41.0509322544129
