12.602713636376023
40.29425489120746
20.86313712645844
48.0768445260959
30.131242400411338
7.739828261818104
17.99310877665721
31.09217174803949
34.931998009119354
40.03800592228586
6.578550278786025
41.69798557353758
18.97597222005477
10.591983753755983
13.208618911437242
17.777800557135862
16.232667454064327
3.725886542471642
28.467026866128705
24.812251864964523
18.920796447199606
37.63349926555573
19.96130599630534
15.604189462099768
15.026630955428558
7.715477515630113
7.6840751760878305
2.848053903704013
30.341722918799945
55.486585883326256
215.59256858836468
21.958337404048123
23.792142480015286
34.7515001050204
26.594190372248747
22.00390695451948
20.286126772877935
10.049905326934649
15.533813603076936
25.257260063500027
27.210578883321347
20.890552392174726
30.47340460096926
18.78167133074875
1.2768701379970224
17.71550017094009
7.469059704593633
17.518787994583803
25.363162718202403
37.36077389361287
66.51382736843033
44.69937573235906
26.43200289083987
14.24317843865768
21.259506155601002
9.975092931386328
20.95337766613636
55.91930284814093
45.33026868662846
28.863118329214245
19.96440323766319
74.61421098792924
32.02489610524452
9.798538032679545
40.202035926068206
10.091466737072864
42.3017206334369
8.34611179634625
12.576846828099136
6.9564910630707715
10.963210051092332
