16.769049205458145
45.316683828218515
34.51013766455989
55.19833823921677
67.59870739041355
30.04560212007553
16.803102332198932
28.582179681259262
56.20582978202043
18.998124647897015
33.92643514590324
102.15744102162438
16.25088832067931
14.430789320646369
34.79423350308407
29.10558755841339
14.491217285972269
98.56746358638415
21.18369101160539
42.33028823893211
43.00008905613501
66.78767618233407
37.066168582806995
60.98277737467333
44.71649960226242
30.565287250606175
36.09738482280409
53.679601010397135
13.79235838208406
15.618426493585673
24.5720418855052
66.54282542312667
13.904572583929337
20.210328204640902
18.807669632840955
349.36036716830716
56.03045590436244
35.09893107272197
10.356416094718412
44.557714974680806
58.806265108835746
19.183943338343084
8.701335237172032
21.976845561117102
25.250883521944502
10.722830924513033
43.10146900956005
18.189393453155006
