59.287728307367075
48.497321114073515
19.956993074917904
34.11410251994761
297.8901511987276
8.413873556141226
8.242907506915856
9.933309678841596
54.436232586248906
32.440664322829065
2.6907440031931458
20.418056804825937
29.208142124943393
11.342368949100091
25.652140328532226
9.508761905418353
1.0736370363744925
23.312418808232692
26.04641716855872
13.306420349659192
36.19670259815396
20.74459000401086
13.315099640641577
55.145651353395735
12.02777913852978
0.3691761168192613
30.914507065386715
15.763095355852997
11.509842603557743
30.7599422892948
16.099969615833984
24.784196687020568
63.0960265761541
