32.55540257270805
30.127075476373165
7.123704498308939
37.89387172442345
35.32940056520472
36.93790042789965
9.24273728605894
18.75283431140339
49.04055997233728
23.713891913356164
22.222867370679992
38.29327876113348
7.943586053924463
36.835416417281195
11.32228021551164
37.57861212015473
3.783023495747969
26.190220121713295
411.12598344689496
36.52158609163571
15.080252332807575
24.70440095216931
7.0052261770752295
25.253661791366383
29.959701077976305
21.17543767585869
17.574064598590624
13.654085891457541
18.04489913128974
15.269192221051654
11.28666348850335
8.868948261713086
477.9870488219559
18.180396722205728
23.440408883064052
16.6177552817245
27.225431413638802
76.77086654316665
29.685455646456603
48.86418588838515
35.85614806816268
21.26676825860119
28.544959726885438
50.69641245296084
47.696211904785585
