25.522604053374693
27.537582322866456
11.704701232883593
49.80620206143038
16.317647154943245
19.882917908832553
23.707552090275072
10.025262603250923
13.01230185528297
63.83618568501231
341.18517495843435
34.646416952599
12.892498444258152
24.65686288691029
36.8612123818653
10.021519954784253
30.094361387427284
13.540956629633456
13.440063988789277
21.0675922563626
33.99075016557015
40.097958568164344
41.185769521704515
53.110870183770004
41.45972188256826
10.079743177796246
6.820845914559442
17.474414093816506
16.752004305858094
5.702529161703296
6.512322314320812
12.80463190924398
17.139808617872987
10.616198646311219
20.232331249259033
22.028001187412343
6.4914473145039295
18.046891417555784
3.22439939958187
28.248249031915336
11.933518291884823
