82.9100097069823
13.20776023496478
58.881957457219386
15.145590859527346
27.381995689219764
233.98218533194563
30.866944271107656
37.255316974537095
5.038988252374239
30.198210459901205
29.08587927090744
42.11302182344994
8.40092686083463
34.77740520580849
13.369124910601187
55.45905312739177
78.44748008822998
12.472008087191568
46.52581850013182
71.92556484697529
13.775482484538287
44.6946426166667
29.62845953105503
18.487974784506946
20.56378812938776
46.57039886592952
13.492160104162807
20.536711269594548
11.9153179294226
18.20212271405063
23.41114597234798
41.88113250504709
