16.270756551587368
191.90991644255186
46.55076819567995
9.311219627140133
27.023900339610947
14.712684818731589
53.007504494412814
19.045834880377697
24.440183778896312
44.50843644510431
23.34651523411253
41.09082000057509
7.464142413189066
69.80684079178975
33.68353992242345
26.508580049500324
43.5304036802024
63.147307126427066
50.12177507381543
64.38054640882541
22.8820107109175
12.06286479474312
7.388143846217503
42.34312055623825
44.83239938331812
27.14881057007807
19.707832293729567
66.18577105131166
3.7232159130050775
1.3006780280570922
18.33958901415312
61.68365033737312
