14.858644030862223
55.037248242030216
32.61999002345115
23.811723434627453
45.240686057042666
72.68053231547482
18.747499298907456
61.43824152514904
41.1427578549565
28.49987686074931
28.43918739286022
43.257511149016906
20.285386165283597
46.21357154395075
8.097564098265394
41.622286509427695
55.374065406110645
65.53645244539116
46.12124520201432
18.303965330253334
35.900278320959984
4.230114337370935
35.44677821930833
61.016600435476334
38.65556674182187
5.448444010225586
47.064288245342254
29.6184302689295
13.977757820965024
44.15037416523255
