66.8451311947287
11.168214107488552
4.949596808583635
28.72902818948255
20.758823640805872
32.66102274725256
37.386354780851164
43.51168211515984
10.443436865308371
36.48882531007071
12.571761199532205
21.471490476528174
4.048977702455147
5.0919963556378605
31.483192350762394
34.898061791533124
15.799430883805698
12.760540797077354
67.35754884283011
17.387483564965407
49.76016544849904
73.47821792592146
63.291284007706096
12.23555552026923
27.423325494274323
16.800950044969213
11.504032716422643
35.16800523139224
55.237072928836966
