4.236204263825243
48.8860921330386
3.8086574595192246
59.235372425470075
4.095198305212534
32.56207314489933
3.6467466454896567
20.615780826962265
36.9941132030973
8.30056750899736
38.452208814816515
21.65141133148846
16.16906878329955
13.03168221378651
15.549119890672486
5.953838444478464
20.11636116936924
3.5166250686079934
11.931598210645475
15.806658179457187
38.69000934167261
4.2605824026697405
27.79475725378103
23.008962964653847
0.44991302393236765
33.13927037594867
40.919190980327244
67.51311875162288
65.81657833112602
22.38755538642924
17.2699319644382
30.738589980976002
21.339853633738144
19.84922610451231
15.121499408298178
9.241180227669048
26.066575866349197
