49.198246733201216
64.04666340994007
24.894620497909017
30.822840658192206
27.17092983564696
24.93098518080427
23.86229790004643
27.560733939010035
8.354754477126747
32.17233521151272
9.118525259922507
21.599142898597606
7.271290725962189
29.267436242636222
19.74427810809864
8.538764234091133
64.12633706046469
13.33432748829739
52.68326032889087
27.306781291186866
86.44743366598797
22.237158269286397
70.10780269498339
32.94687194501151
44.17232234661297
34.83361343750019
6.8736992100128305
11.522707167610491
61.71681376293563
13.544501771780006
18.636247703555867
