82.70823734433938
10.699206245080575
17.016232859231536
74.94095955215602
30.23007427459511
11.473930659744255
35.7007495030541
21.067332992802932
25.170419875107186
24.119624518332614
26.697833503300657
26.37990522601173
53.81649415349858
14.361178287934962
20.158404067444764
8.669222491709334
10.143952669032814
17.68310701466605
11.121113847561404
14.859132290193841
3.1266053403296183
0.5924298699891892
3.378887729854611
32.84151735536783
7.822125143494489
16.3615726688666
21.3774446810219
43.09353620812587
3.2730815207584385
53.83772063831327
48.076892767820794
61.31340249010499
38.56784304020593
29.30827449230945
23.197817678405926
23.09799058061563
47.386617945919994
35.00176738230026
6.9927773111062095
18.503221682295674
40.36633897848111
215.05051719879367
21.8128340593679
37.45817262668234
5.0362671021338485
8.323534115255796
12.356255979812488
15.757277930317528
23.72195648899492
24.01250133697802
49.65406131443538
83.07714365236998
23.749271933026392
26.07643287098739
17.758649482888416
30.421824894342322
25.278597804052367
3.666229011640553
12.984579501427703
25.570200054585285
7.7758319258874735
0.0
