8.389446717670594
17.714385352355023
41.19942139647128
4.324676571530617
10.818753899859345
22.64378147054616
16.608152404176337
296.81088164919345
5.080085669630023
13.055872316992179
16.133191751075586
8.173192722835154
11.759174917581603
1.4691753652936654
14.99816734537221
17.669510677968745
6.6334565321763534
7.494101224239202
11.567085550189049
12.3899911875436
3.299530031650008
12.987140512040014
0.9615108350385526
20.98832576922746
5.925047592041778
7.900040870242677
10.84833548961798
12.48599118447784
33.892204018674775
0.8734836214105428
7.8703887276483755
15.565144265147993
6.432733197269684
7.40222315700079
16.706617615532508
16.75137310643906
2.453168619085787
