4.001385590112733
24.795122729486508
18.94565783333084
54.2110841001582
9.66895879565405
8.367790897985884
10.238815573442821
206.75836238015148
4.847479926208891
25.617203678971705
30.25185564624894
24.759754420414367
7.862390397942775
7.032489490404629
11.218645448289848
246.19855773593628
0.21544881068402333
12.016067375237725
47.338842443333704
38.389109303379755
20.32630956074567
23.62310802313118
5.827769384410175
5.369009360745849
12.19206687213729
7.560136527006236
0.0
7.857210989767879
20.56694604831364
13.520758189201814
21.886576726235404
6.273637344953201
36.09700519300044
15.722819462348454
9.660599946185755
16.698136842447937
13.903536925895054
17.02564550829642
0.0
