45.89634255001576
78.5674415805004
21.958797482905595
3.7288848133088095
112.02909296360623
39.367076032411944
7.957679836201109
17.575002510866696
18.25220807952884
18.997229730472768
28.62154224980351
89.0509916559541
48.412576719310835
7.461773761632145
22.210949307663213
2.7968552294924223
2.1518360114879727
1.011973970452658
17.294332872847093
65.91499889101831
91.08291158440032
27.87522623463842
32.60659259725756
504.7013853323051
28.796709341749107
42.17921948966686
44.30514980368493
14.66764961250631
17.153709292261453
41.7594374913085
59.593649055634216
76.60538816166687
63.55248703170429
16.825543575950846
18.270911292619928
31.182779190440883
11.08715922151022
47.16871359785881
36.17522342774657
17.06041684622518
25.10412643004129
11.410651773811708
