38.528277861992166
16.33554387217282
22.211081300892573
5.021478469610628
36.622871870332844
14.278970447636667
8.81813042601523
6.558296921048623
0.5738393299070594
7.963789500627286
20.559643845205613
13.675855546374905
4.97571283243866
20.563258520335978
16.248331996572333
21.308334419883522
14.981918834048528
23.793831490513483
19.229786846193036
10.874726740656826
12.2123084814301
7.0421866687861865
18.75436715421435
14.567752922202487
18.22639093703728
27.904695387022358
13.606401064923674
33.505327917114926
50.28159643860707
6.898803116640536
16.171037964913182
22.571889082629184
6.310346307224208
6.289451290010533
54.27753809682072
4.6203651263857495
11.773891403728541
13.7346170386312
42.24143344180045
41.43246645634363
13.46411815938366
15.456786333081183
23.83090378160726
18.42119702111306
14.327115967270643
0.4723352552031912
6.161873296146794
16.696268152587336
