26.278609681218043
23.4760833986208
5.5526367688409834
12.751316352796664
29.303789532382496
8.369106334531097
24.09059430160002
9.393367958979852
25.334577306636504
5.096179337973382
20.88276265869287
26.99660198851859
34.85486020736914
18.596263628488614
37.60198091308588
4.0576986344277515
21.37653395893713
8.43533053776406
19.774312049425788
11.21913637751517
5.449750854008016
3.549184258264958
23.575677553627017
5.968664047934894
16.96478233905553
0.6760108114012269
27.00125836017196
15.267215367032406
34.53489598714458
25.63929376466065
10.10687036142096
13.838636038042921
5.988043503998469
2.8987429580894144
6.0200744029928615
10.716306557391135
10.65115188023259
12.248409567045726
1.58221931059947
8.050340387556048
14.877214803777775
522.0429998367702
12.376868962858822
21.932766556037095
21.850962065797745
13.67808019772437
17.675602308547013
59.716752946819284
30.820546203447833
27.488177831072193
18.657722360052063
16.291947410954677
24.205386236969886
16.877284927276847
17.588869001269742
28.544001610880898
24.371962698409988
7.766657160170311
7.062606848280524
18.15129081603456
31.855446959136685
11.966829947004385
31.376172645517556
46.763470781501965
31.602036697019827
28.18315839045816
9.219500241627685
2.8321671864549103
6.239651638168951
13.846905191180824
25.504784975344876
35.848277794253434
16.126505572160056
19.129294465902447
13.21813974690994
4.204522575211882
6.867061660290844
3.055909621703222
17.73598998005886
33.934261552187166
32.88043972152231
53.333492142846254
4.901850569144727
29.60034463613303
27.211968466702714
54.37523696503277
8.656196746028868
1.6389912317024624
9.648082805679692
19.962862258498234
15.785014900719446
10.402774566359227
6.280095130776743
12.512442473582823
25.206687195744323
40.295848197726414
14.999924102484798
23.030352337536257
31.142617094612902
39.03692080740058
5.666628651113669
5.222015284833276
24.417029059783502
