22.33580594978757
12.627553807528486
10.965290276147755
0.8869715032340508
13.605304881646504
4.706695212498374
1.9313556671523884
10.192008735081473
18.332979353742743
25.372418175724448
3.346350802124462
11.516112975792623
13.190291969541818
12.816025668005366
19.963653160196827
14.125729108904778
10.183471598730662
17.653492973368714
22.77451693164545
10.746446234620407
2.7618984724688715
15.474859369361596
26.400306001671268
24.199320084895888
9.112611605381474
26.54540871103589
21.463615718326977
0.0
25.521299616761922
8.52723137272092
11.922545143468042
34.867722817884825
29.73809209125902
9.140448080262402
22.235127097710347
19.303904518553537
6.590220408142599
11.42945136274622
19.498925329718503
20.754953397744202
11.104011923271699
18.785330658221966
32.09036538356369
10.018521128153296
10.218902575223268
16.469006286369407
34.43719784997894
8.65457394236472
11.061763913489742
8.492966004134033
6.110811858037806
8.600297790334551
14.67613465419845
7.795772407137477
