105.10715815531455
28.450945548782613
68.29027571290486
22.686432857371912
26.07946828296143
22.94740313433438
24.167295477664382
30.687690539972706
42.662333743768556
69.51019998328779
20.480279623397195
43.1106596863205
35.772149649935926
62.44853368484547
26.40625066830779
48.49501652415367
53.35498354400622
24.499490759386305
68.95125451363182
179.1684536666303
77.34375742461133
50.605368517539006
33.243459524249445
30.140678640352547
53.154138868672575
48.48006750652178
108.4109093510198
3.6478180480429927
41.1463187868292
369.49947532662077
66.38326841327122
57.28725477697773
14.551519809784423
45.56329268191689
45.92283058834944
