6.6359756084595745
56.53678839663365
31.213914892591646
54.693634302646686
27.384239480814855
393.22135091134993
53.29044619505089
62.779198306348036
29.895403800466738
14.743092818339846
67.58132094995682
37.40031512734882
28.907176476980595
23.993458765363016
31.98067591980255
12.294881302324015
76.57197700147921
7.766097425864842
42.448895611792494
5.451271850442666
9.976992879510448
65.61177939949533
34.41533495080853
49.93870291459206
10.011357278609893
11.490167885395337
8.0708318603686
172.28833044588248
7.963749630612796
7.514968239510694
11.4084280488551
306.0798965964801
45.165255101384474
36.16453714471956
11.837252125122546
20.621237396377296
21.172503165835636
19.67749940296082
13.894401025157364
25.584883830722177
4.115638961557124
