28.309831287149407
36.23127022005835
15.999576738150694
21.051159945244137
10.3854933364737
13.417510965679156
21.346876850536617
9.216897608975756
25.600853086221804
27.15755377687222
5.552697358004664
0.3227056851632
10.940356749444561
25.304250146557322
25.480807819978892
32.024371862752915
29.893625140388338
6.8040396269100825
13.111963592807555
10.422867267989758
19.71419854350566
16.321604364589092
9.495729309797284
12.646229380732635
29.996637694264564
24.94645611022652
20.650191633954307
27.385876484715666
17.947780942490454
4.124103380676345
30.413930051536767
6.205146738603972
12.918684264739156
4.719937264590271
25.092830620963483
11.805731868695034
322.71449544308985
19.21592029574974
15.727831754989666
20.315583395672206
9.21360798822137
4.811947742498717
13.113423775112636
9.92653473644826
27.30264081407705
25.39284739807229
23.015970284840137
8.770571079654019
0.0
8.984043070358823
5.787442236879642
10.756813558185243
16.0279672625189
10.815034370929212
