47.771381805614226
74.25686634005231
53.427336994717734
36.84698942424103
38.47004981424743
398.227661713967
12.047759761435884
43.46660453343986
10.36330354041236
20.5650727144248
18.129631673591106
11.84852374587767
19.089684091974235
13.623786812506879
235.6327777351055
36.743439435330984
25.910790833536595
20.007740890879845
22.767051451722992
34.659141252350224
31.85823704936854
15.006577797013591
10.014961257767624
54.67300124674601
20.46778305702844
12.008489489293552
6.99954777893997
1.6085605793681452
4.419480835928368
186.14539174720505
30.275126083866937
21.073639700613768
25.50590570159386
27.576244727527893
3.495814153142291
20.527446464041276
17.076030357832963
0.0
