67.0082079162608
69.40783640102546
28.137707447479016
7.80623297946984
12.27772145835354
22.387350267920368
37.66158072570704
2.380781390774686
26.36973630641252
49.015223262779614
49.214390725086986
14.267220066145143
23.19166031425749
23.16671108882757
37.075555524179464
29.966703734583362
443.4659815477819
65.43497873245398
53.76132696147016
41.98679777318161
8.429205565151818
5.9965727741227965
27.879982710286754
18.233253900644144
52.47296002620182
29.99778756458889
29.425232595125877
73.78515798281742
70.71361395708786
62.05082753817777
4.749588428489744
22.181587778679912
25.480374825271113
71.52098532716924
26.103813093013713
14.292571893805132
35.74290084170194
5.0440227349118345
299.181774890255
30.181858856257477
46.911162966358816
46.7067539771495
3.929649802738311
31.392227107879734
33.210476404366744
6.502104895549209
24.774837776096277
4.545201574697259
11.773980510579591
16.74518560988801
8.498671072435087
