52.18467699726838
56.063029810810974
35.96284021197249
22.91823267873862
22.78828366264655
8.873244031478052
15.667226703975885
9.799954469086302
491.9014771788784
10.794717570534274
10.726238938856469
6.556297599843191
23.459739568312813
14.718992354148412
17.722792455197123
15.27108242560864
204.43687809080862
53.70151776816009
45.16364255813846
36.1734579797905
7.284716483056627
7.228142391075863
35.84240512578772
8.013720571718835
23.154109587639994
47.692618407416205
34.996181633824875
5.734881825360276
24.468863631541097
14.191712434596823
251.88317940603366
13.764695375091463
15.14422077394299
23.862295205804983
10.015947403142363
8.180888705887199
4.377433378329684
15.525890910260813
21.415946665300268
3.867488577854843
9.054573408191999
9.257747034481909
16.560944674570692
13.305541645871557
0.7471487689333998
5.780766325710587
14.818241219323752
5.252857069480044
14.265266403850319
9.219259387598797
