67.02984438713344
33.26686198926217
19.937366826987926
39.476679225273216
20.591673383642757
18.727599050080514
227.64595801869245
22.28812681593925
2.753922196963501
32.45783414664855
8.70055597818478
32.836680762832216
40.18312034912138
26.166558134804447
38.36770854436324
12.928102374471962
2.165532534550181
6.118051487448781
3.5515037500426985
230.5152828571969
22.800821403117155
14.607667469166387
23.960577927512645
46.790090109577406
34.64189187670277
20.19632652916374
2.2820070477372383
20.089543185117023
33.31030420705041
43.50904826297672
23.651798451739268
32.02497564518269
24.858824446880917
27.546932280736073
52.50572409627196
25.801904308136628
15.454351225991743
498.1961418479177
29.326273162246565
6.937028858238406
34.43711040845629
6.854844827852446
22.357629331638194
13.787493987783662
1.5147498149102177
8.2357646995344
29.483683670949688
23.475280262957938
31.34344485571698
5.749409264563738
