66.46243262252648
84.22675555994502
19.0917947937221
36.489572599887
11.164460074610659
11.785404853306758
57.40487353050351
35.99393538143187
17.376238733780966
43.81876450888471
42.18440887637897
48.3058321121882
59.046097155903425
48.94969091032456
28.17871054587303
50.04340203728107
11.35572082823515
33.24167134492956
17.645582135082208
9.915637724821622
25.499971182438173
4.0625878566997216
10.856556592565283
39.1331339517169
12.939548278974954
50.071777176508704
15.987512816564674
32.385895953759814
