7.949597489799601
8.432519425056427
26.64965201965002
49.04325336234146
19.483378033866956
3.671891847302902
5.682836812771711
41.271322572448895
3.200331827747476
27.967054957788747
17.927768313972365
20.00627389491372
7.890426962743035
2.2655607322326006
5.9779323408709075
7.596547433763689
6.553561405516177
1.128183249962703
11.425933600397457
10.73976544463018
5.816461306638928
31.907226003367327
26.922001681423225
221.1044175372429
6.6560137540593445
8.938544807977195
28.15101399372473
14.843948526506495
19.396996206997983
6.599855573547302
16.84304203270483
10.858418853718348
32.011643618766485
19.642339636551014
13.597406386137393
10.151624932566534
17.397782680072993
9.97893898484709
13.060133202422975
1.924435881473002
11.431268235624557
9.490833506627737
2.22042509160147
22.969852665514253
16.490184605859326
6.1505853240522725
