25.267173738672824
21.74808360199424
36.51946766086289
52.24333543817767
28.285472036406418
38.78623736283399
51.48546600812523
27.682262559926954
74.53341505519141
9.741066736091383
9.696384762391688
14.407586783844025
125.51553997602794
35.62532236791861
209.72011824719866
24.074427188655307
68.58833979058176
18.706126068857714
20.548834110533193
33.16036189912724
6.389876401011136
30.524255344019807
50.56072662073163
32.80313538645623
24.293361452630606
10.947073270258727
40.663659405474334
24.889020492107605
30.73110527486088
29.065265040969607
44.39448023488855
54.24889762096936
77.91499594104711
32.257801359480126
16.981173773911152
11.307611295133697
26.229803047287135
30.436975613867304
103.55984975568153
37.318935929508115
44.530577402843406
47.00300363711355
28.012594387128587
35.539242999527175
81.47416121411095
24.791977694808807
11.977964132504297
46.43472695583468
51.763708410226045
28.525693325250415
31.064284151852675
32.06568571896344
20.56229171294457
52.6575309657551
24.61750514208859
30.615034311712208
8.803413298622615
27.51203550563278
36.85436460563966
10.283026805819816
15.782949132563502
98.06078370623277
18.47094675088431
54.609814462677264
20.503471642947247
0.0
8.716561332268128
6.271023864309072
8.814170729841052
37.95548749575158
20.082144247368348
6.607904712807709
55.74936259047688
4.567619137638218
56.51136228974342
31.714034547494464
38.1029595432462
56.23232974221271
50.00505680300677
53.80023536858897
12.059273918087428
12.090554279145493
23.701751964323876
45.914271412002805
5.499984577439946
3.3174781568234266
13.04195031540668
27.070656693313595
