33.901220595652404
87.18032951252493
60.66308098207202
34.45012288656605
56.83596273008624
55.066866827754765
4.075858022837167
9.903721497777852
14.932934375846003
3.77820550352709
42.00674664218387
49.08568161001003
16.285891824777636
30.30929303730123
34.615216310802225
14.448349631910247
18.784338844267978
7.927706040887543
31.610199000066103
32.31578049652758
3.1520917609069414
17.11517792620309
64.78758941361322
27.881281684831777
30.410631015867153
25.979828743680216
19.595970772288965
11.984069816229649
19.21300185870487
19.7711996968562
18.07317161031446
9.6832162608097
65.88049352887344
3.066470575293863
7.01648966326195
18.265737775187603
12.653157088077378
39.14010978197258
21.22744497242256
24.401800095743255
23.15463347039838
32.873665753706206
12.193494707950379
12.57075502339805
53.1285744975161
25.88347523021457
52.451635844502704
11.231607960265052
45.7190296938105
40.38466135349485
6.599439390468291
36.04384120521448
27.602321220542336
8.18204020375785
7.163159267869503
15.719841870631655
13.315233598774967
9.224837058519768
37.49361358575972
8.789994651648612
23.773215138733505
13.441414721203813
14.783617651407084
435.8492456536614
