12.846944872259726
20.619039037110937
14.60851995475241
38.15246486773978
18.377062368904262
63.41200200470739
14.631556054628504
22.2550284245728
13.979681682364287
9.656490834105256
15.118885324311364
189.3689857245851
5.044702507388109
30.224660486630427
19.90696380044953
7.139789707689545
263.49238275542496
46.75019203893788
18.066905938421
11.7658192636286
9.985717679251408
28.565769490634082
14.405222506602712
9.07424986037607
2.4662299010064856
2.6348515374641295
10.889442169014103
0.23117427803100554
9.358270420606601
55.674164330869786
21.209659783906872
32.13738031203299
8.988131319237198
36.51143659018331
0.42573976423513216
5.784154095272925
9.619891504158346
4.848050663236805
5.683987451904116
9.349076162966668
11.442463749517145
15.422681517172322
9.558562117862664
