7.420476258738674
61.74492763678916
57.73811670814473
321.4698766027602
6.522746654986889
23.353748988001456
12.435213171325785
5.829607851709994
44.67358026603267
14.927182311720927
18.637175330138945
4.491985551107433
21.54037355336817
11.82663067259648
7.900900933059475
18.704578001462806
8.92504661231824
27.905819266880172
26.482517310068914
35.847719231002756
41.488565707989665
26.995303605691845
46.71391028665553
43.109441655828945
91.17847173813178
32.54317182742574
58.89240279141275
34.41365710051717
8.349025037581512
29.957315014937535
12.06524920103493
4.987679800200567
56.34953757264651
4.578769037178944
1.9771074162823936
12.097649044620752
24.720013928997915
188.2467356091033
26.292438692647778
69.00607260031316
52.16120223758597
49.15259108992713
5.8021425836964795
37.764963912145504
73.27086913061723
101.42153127435742
14.18149609884236
104.52056616112628
19.043831997573676
24.694758103593756
16.404076748457328
44.16613136771423
23.3408108478437
47.40615376035299
6.694111894025497
65.19275468379311
15.05286076979398
23.778920775219845
19.70364260895218
42.27847031159661
361.0922294073564
29.28113784188257
9.453638080754928
23.319453422061656
12.271219227250711
13.555918957790212
11.164118607237498
