94.31464669423596
175.09857992095985
9.830805857439557
11.153094369439998
60.9272372141662
226.5534753263354
64.63819786699096
50.43680964713073
14.807269455361734
11.538305756802984
25.144384420310715
57.73322105386109
118.40966034863811
20.334556531596547
8.591119379882912
14.09618188926163
208.89746187276734
80.76102489968153
22.5974173545346
58.36115444729916
6.982393332109737
23.50361828470743
46.60307750312957
31.033526320242913
76.63339046848208
17.613244965715253
12.348335530077279
41.13550432648687
6.348107767346306
8.787448418333042
57.94983427778311
18.467428994439587
16.41323517719293
4.788428922173509
7.463474098471892
29.566271663376554
4.80801042475575
5.306658470795
37.49279458695804
16.221295059123747
59.725936846002156
41.85178535531402
10.763235505217935
98.26449962822078
18.57895202654933
55.67031635754739
18.324605531983735
36.67808532164351
8.379642038578595
44.881458923807386
52.91136720616885
85.35953542380554
14.425291351304267
10.243712894825194
52.14392726754281
70.47709590617167
14.82186336133445
51.15025269021001
266.0246602769356
76.15089673317857
30.041381640389375
49.501614223825584
9.528767863163552
40.33483812720377
24.891510048116544
55.19313514592419
33.319392684566225
6.9102576351033775
19.674202618269334
34.11209602745076
5.9228912311404684
25.75715250246347
9.181174644509653
