14.235346962135907
48.808873475695975
16.850021817414472
15.845749396552065
201.930702856435
31.738706113328092
20.93019279377569
7.608593445545566
21.950922961265007
1.5153470817245136
2.952990333408792
31.266418661091166
23.968672408685023
11.153613492004965
8.104449460088219
3.802676824853606
17.872713300041525
22.717368090789137
7.368727202587522
16.496026202845712
16.11562856590514
16.57501025155925
17.94511152522132
14.691439910440252
5.338198171638183
0.0
3.7239505233330448
2.4925700363234
14.599076248753406
22.307527298487955
25.63450686838476
14.82660031806762
51.729639275763944
15.99517925325894
17.82129149919804
28.135209568711574
19.012582626087877
24.72279351473675
6.652145521571882
22.254050534207806
148.15060226799383
27.511413475509173
9.227477219284054
5.642463432085734
10.018121407967598
8.841315065207127
15.264998466215488
25.939844576674375
9.01435282204055
11.493079984735644
19.04498995661598
2.186500759383179
2.9234187308254747
6.40252200870475
0.0
30.36730068970418
25.9720950030227
17.557618160715975
35.195881780240526
176.46801226325894
20.51867794688947
24.16280632948012
2.0630568159786264
2.5737648064644105
13.18096359745276
12.07776423619572
18.21309538707544
4.2341620287868125
18.694480729403168
12.611238790932973
15.36764309395771
1.5639441648701649
