79.6673942534691
35.39352988465677
26.477215065729382
76.36825561062116
32.45881675177084
7.0699879788926125
49.974631030708125
15.632842320655826
22.647989229579395
15.832618071647204
13.648717167887781
28.44864916696072
12.845586300694237
24.64440797548899
40.79308654680432
61.43719244542075
44.739353189653144
248.8779464236672
5.4481921765095365
67.9638459267327
64.08939767326548
17.749611684635752
24.629021594707453
2.219415646995884
23.570429547093156
12.81885642272222
26.49961433353218
12.432425926082232
21.67361629487739
39.20326060047269
36.77743521607704
36.3543526174403
15.599529530561938
36.42346512416495
34.038252960067794
14.810087895643903
14.336432661148336
116.27259519617118
53.449506240465794
31.141926774278787
27.035469572993605
24.66207599781474
14.524951155177376
10.98671592016207
7.6458394203480395
