72.02777034098443
61.23665836494922
86.68233926680296
23.176379698707677
11.30780251073341
12.414921511774878
236.88163583388166
31.976290692977074
28.954012928590785
9.284673609034414
21.69220001663433
26.20202678156305
10.245870927531087
37.065201788268425
18.094380197908762
7.387127253533805
12.451389397820876
9.797100771776016
3.3639481452490827
30.806951021619184
7.936315153433867
25.293212752869707
8.426778756706227
17.71464549011266
25.418865580560507
34.7294176006132
27.004251569530354
44.65136700083809
28.006135666842454
9.497279352998262
17.788318448775925
52.15779046224662
112.14121410879702
22.635425167997084
34.115702503652884
28.90891467605752
25.8238529597338
22.83179371210207
38.52326953169262
23.467925936591698
36.89454875554274
54.109986780489066
