85.96333023130776
39.18979492838719
70.27142019795849
0.3450585532403636
9.435004572453636
41.531153680185696
16.324559971644987
5.6621454432278
28.405732481214628
22.811165323425925
35.68162044868245
10.337292813683064
22.59871905410766
11.442442721358162
1.3290616715995895
6.504186638017927
27.766222010222563
290.4000136421039
6.031737232774191
51.26414001185063
61.64809635761664
66.23990771686763
36.98393840278236
21.798954050407843
5.566006229651748
18.8482819808402
15.164652197948385
58.60494404283365
23.221553351944223
29.521552822653177
27.68742046120599
31.711655770268578
4.155591627112173
17.20960490492287
33.48590672900818
37.2319058278993
28.690776589987735
41.30812438543768
316.3453116300225
15.597282067544839
10.997427804135313
8.294136047385308
18.164367766009818
7.864579995212665
1.2246764397032592
20.712270781465335
