7.038018104827941
28.772750517604365
224.7090986500886
25.526115624094828
38.19808712135237
54.88929916853833
25.139376186661565
44.86911549867979
46.33509991312704
14.578805298703614
14.050518775687536
14.534305628706576
17.33417951568765
28.88225865781486
11.29753124997957
34.277138132308124
11.314791419737588
8.075528343569431
28.2726464116039
18.13605728584355
11.666193019757898
28.435425306058534
13.271255678676539
10.12558318422235
28.749334451332246
15.009462523272433
12.549920167000579
33.924931732552466
4.147747878858667
10.818520729385753
25.61974537654902
7.776619717695979
26.611841537093923
8.052152848444265
25.369083585437025
6.748642858647628
19.16643371550404
16.112147123716696
12.061431502847071
16.854252858969133
12.262139735685778
30.135673437731768
13.945978751087921
53.47941806469598
17.61189502458373
64.00417405855006
26.68662099377613
5.120156907343713
13.168655806042395
3.466726062598653
28.418441256608432
5.719507037532452
11.519331960212185
2.775307998800372
7.605795060422665
6.013778587699335
42.2611102476246
22.339093594077823
40.094943001105136
40.340231653898286
9.211281253542126
15.737308158528535
17.39186072831582
1.1842155132646326
13.009802111037544
9.88911585838406
