157.21226454998154
33.56084619783209
123.29429441523978
39.1535728129318
48.22812929871125
27.25252909990965
14.206297972887384
22.592679129920157
196.60352547586768
82.35936827759751
40.49720225886375
19.277035075328314
0.3586452983517461
14.356124121207614
33.04106958907232
17.326164956982424
27.5792388857911
36.459587556125754
0.8580152555343687
33.03047102159674
22.978386272342263
16.508224686191085
12.186089750044346
20.683274702770206
37.98280767918541
28.57164278432741
30.652639082228546
28.36838491018672
10.066691485440643
9.351847334851996
