44.50306281077614
24.976485192293325
31.425311685029556
12.087730602850272
30.700338108192497
4.752489097899186
15.179864666894332
10.716727325892961
12.90390095239843
13.117202869962242
18.761755672143053
3.6161554820179163
1.1877132234525902
31.33438425094741
6.290831862800161
17.388670765326523
54.40115038058815
23.108359973647055
16.18935320558265
3.6863158257207402
76.53062523449137
64.9984578060195
15.173449850190309
18.479581156066715
14.784975011697341
24.398323258933672
235.57903664867453
32.9310970549122
31.328458497173543
40.08459355892448
9.574353318620567
17.898250653588406
14.602177697946473
14.942522636336776
6.235778316010837
11.835267551498916
9.611114355276882
16.2428207925212
41.851634471706475
8.124618088946193
227.3075736849811
2.2900077501160325
3.9476935927773837
14.194968940996603
18.047079395338443
16.693022202657673
12.201658220459535
13.414271608663526
8.75210539286762
11.195776431505351
12.478924287944224
10.60217275563653
18.231951557181944
10.527348408083753
4.864329135123057
9.84682746104447
13.8108809186989
8.159417436709589
4.742818705824504
13.891541967891044
13.402793895506278
27.518493961055867
37.84729483205811
9.619627198702034
12.65966916101641
20.314890696125786
13.974050394488827
8.14596924916178
1.022993003020332
