4.251329361227022
16.787821673184766
23.686677898067387
248.79317168246422
20.8814082542131
18.982426452795124
13.11417695409628
19.114845055729234
22.111909202533937
6.776229710860505
10.255383040259687
12.109636553462337
5.912033216709176
28.404784056807003
15.962846790827484
18.211559798017205
17.041043436741077
8.786597587340765
2.4337260910403984
18.3605225835789
35.17238711866899
10.644846495849123
16.213860267733494
16.903295346583036
38.178625221184205
14.308047179378136
36.58630268629395
7.49095018222711
16.434341339927315
30.100004701154262
22.15530924011709
7.806842681734935
19.14145000137904
3.8155377667809773
7.975280163508941
36.80689232816479
30.526489181955327
3.6404034080329097
10.228325084051889
32.81269343847924
17.41739488441813
15.112268368339386
23.251132804384582
11.50799180871961
4.468108186439508
7.875239840537205
17.598761344609457
27.66105041846768
10.966562171932694
24.34973050042464
30.07423746704299
19.190461740317488
21.29507686595842
311.8735539187363
20.975137551915168
10.951450776044567
61.51412025587737
2.8919908533727607
23.245826314806934
25.620279068694302
25.818646283988528
2.324896972232466
5.20898895530577
4.545823249003092
606.6926636840312
20.23634142239068
2.2905674858407963
42.543573604267095
15.020523448877853
6.3924042970812565
30.61778947703857
16.41112746207024
11.42033094446299
249.71307110819126
8.974480213049858
16.310722542791396
8.021659185167877
7.715897085545933
15.797618078313235
21.431714183347026
10.26338868496002
3.7778855415510293
