11.171778089152284
20.775856623473544
39.14274384647061
29.03273000279171
13.09939313082971
5.76520196376903
24.68058493778986
5.662941014443263
4.548507447838205
13.133295265898496
55.31048983896103
24.2575633155583
8.892869169378883
25.45208173176529
20.401159793332837
24.263536648695833
14.30603493131045
20.18514654224478
28.366871702426522
45.459340848004956
25.7449129839558
2.098528521012824
16.745378517047442
4.29858602142717
19.681762709901818
6.5877529888312125
18.11429674373619
12.800656570418326
20.299655125217896
250.5808205739753
34.20767554319903
9.854656911985103
12.67203791962504
3.422889555811736
0.3669814764483874
48.402556639757975
11.823789110573529
12.361893406507733
27.021977053139224
19.277340711694876
13.783271077079362
9.276650306676316
8.180996597531106
10.307262223710609
10.954557047156882
18.522372110038603
9.115381310952245
3.51353417725835
8.20671582067719
12.354516392647838
45.26104403732343
10.651869665118355
5.866270694334716
1.6745084298516986
11.534386346376493
25.148256339269338
1.0024827961814253
21.252150729464773
27.03885327764742
1.1103670423536585
22.756865264901634
8.949144077206142
19.777559582657204
38.31478732650153
8.971552866339664
6.478221212092905
1.2593272793033776
11.546692802822719
15.039893666509926
10.13365194246262
29.61204797574753
15.277435591912905
10.571108252537826
8.44395242533001
