111.50446405592982
72.62094846973
49.37842727112135
24.95930891165621
34.94521512830768
73.22059589735032
48.77258916333503
73.11026579611479
22.889330807671072
19.04899945879407
8.900865203446216
7.723942991975605
7.220281293566373
141.58871097988043
55.52668481777113
6.165853673398374
7.963868735198261
74.69276203997612
20.629838039897976
12.57560573750527
54.71174761953276
11.00068909334658
26.89166746402556
9.977181422479049
22.599419422060123
50.87572920930913
7.4538384226382846
11.634275700413568
249.96216767618705
59.53129386361063
21.108562340431888
13.493992072896702
10.303407818349541
47.17660189635842
40.66105884234608
7.514943442003528
16.038676351587284
16.37916071589305
45.871469849772595
20.2470495178637
21.517076874052364
34.942368448458964
24.981151133260596
17.14497736335217
15.39071794921702
20.530798222568208
5.208855186963305
