90.01353899206528
11.71643076496784
33.11511817961055
22.077213940574893
5.792934809830015
6.897550302095311
5.848999371825968
25.577765023957397
40.526306762995645
18.887805930997914
7.927540751728685
9.098914612112239
6.095847098328349
18.350490450092153
7.814409771985552
12.936508748852134
14.051980827214507
24.8762953238637
1.0502273625016585
11.271186370288035
6.279173765067512
8.66864417943627
17.0210705698385
25.349526986079
10.582784163788773
16.297272764412696
12.013665050710372
21.887082020059935
5.434625828204673
21.870430419801664
22.495796593355976
8.709772920988158
20.06940933014819
19.53526696143112
16.40981306527874
21.194022112286234
21.341645946904592
0.5866355899427873
5.827288834176571
8.608601495398304
