4.036976952813788
26.06855959575485
10.923395805974081
40.25120692360019
17.07507965027588
18.763958867037417
22.99838186435744
26.62213637329188
10.709554601060617
5.826610079726322
14.11254891541411
32.7824837805493
42.93017546107916
6.753842291376259
55.76901419104931
17.650282764191928
25.83616123080442
19.13585643547151
30.38141369440001
10.707723133841768
37.31403056198988
2.1595782376269312
9.248222244501648
22.159245453947747
46.42500876490324
37.30019568701967
4.411214867754296
18.124709341413663
6.808339344694161
29.859849410619532
15.328788153278921
15.065834019398181
9.489948170485519
1.4132804740491167
7.525674430632904
6.2860157151605165
32.95419984783727
8.254939732810215
10.160946978253932
16.184908821003248
15.977611987533578
117.19375591080409
36.67750520471631
41.45263091054757
28.02425847637241
347.11282925149
11.689023127458313
35.69095721460518
22.94915545237461
7.713731576926051
30.820350386509148
27.863643422543674
50.338264747850246
35.46896760195378
1.2359347494969768
10.385004034556601
220.22933607442437
17.289462291835946
74.00772934296558
20.414592807129935
16.17900084039354
16.16163018073574
3.8329293419121626
22.754033166917452
55.44267566220455
78.15851586352565
430.7857327842579
25.213760689429705
21.07513609641083
3.034092998873774
