16.82773508997117
78.41635329050153
59.83975266655219
33.82097539225471
17.350817521672695
32.529635042886255
1.50598644392214
2.109186156109672
4.719138094814525
15.85772733534273
23.169402516983837
289.30398161942463
196.63606671831357
19.526827328603872
20.091375955647692
9.439468321864325
25.511137503680672
10.01251774309722
27.554771052871786
2.364831567245403
9.301084551291737
18.82821063335288
19.357463585680478
20.6353438286702
15.83597144518508
4.9279260953943265
35.02295707757659
24.87857825662681
17.51673480338654
15.594486415786093
22.698187130911904
16.044623275345955
19.23144694949319
12.940942940144467
18.977084984584195
18.567036850722886
16.64164766277075
4.3533957395596445
6.548488706672416
20.589940757312277
262.21536597234365
5.506685752665433
7.001960099494539
17.233930467145868
0.1705915655102359
12.71143006315846
37.07830454904904
16.795649852950476
4.41548537047268
40.20975097698293
37.20020436409722
9.788045199948371
20.82826774366596
31.2720605426002
2.681480108150737
41.590122416452544
25.29291956422459
23.3567989973221
14.8495469846454
16.26217010405439
19.146115274424815
15.113319617823777
24.915467048941878
16.829861822035838
21.427481530018383
34.91344795256349
29.040556382811502
16.545670250790423
18.884968994515546
39.17942293576296
7.680609044412748
10.214721858159848
7.7544189350008565
13.972769469412384
13.187760108057873
9.546588850176832
10.60603924197477
25.563244867731044
48.202894326647794
6.650765756244468
46.32682393668745
61.332359149777616
35.42995539418796
36.16128084398149
1.485269784569141
19.881737865937936
213.15107760428316
9.264899131392141
16.53431691197514
3.2597221300573267
12.845380418996427
23.745912551796536
12.752975860305355
14.585552561144851
14.38569568210896
18.194361144435604
16.662994632011873
6.246306420720231
20.35856029632464
5.942844655277042
4.108146850623967
16.190826481762016
33.492011543698624
24.061344885455185
9.24878354274091
2.758822586275329
168.50855293392118
20.522309337608093
18.408542129737086
11.37370819881076
2.57472571016379
6.230012283665502
9.36318713075569
8.9595547824063
9.389524319762444
3.582328592049919
47.29988430825853
180.01589605828744
25.451803021618716
7.545963483773107
9.051694456358916
7.618568336170426
20.599161035156953
18.994126293956953
12.641069953983191
7.620406278789915
8.534707160387342
54.43226538510257
59.01001918371246
9.119387816251987
48.05947294054047
14.437524555213955
19.356758317048204
15.958808589279755
12.19925240117226
20.326930009622956
20.99428265573208
14.406039475874579
19.029090617396974
13.175326955220697
17.515522701312094
22.34251110438548
1.399717376128848
15.006900438600127
6.112174765922887
14.411007031355666
15.010597606926709
0.8143363724163777
3.6883201532202747
12.453646898957501
0.9359070111003973
8.49526559702467
4.40781865202004
18.865769276323107
17.077792064505743
47.28935311171806
7.2967806489623825
30.550657957620032
8.570343207066145
26.955465026729925
17.375294648993275
23.789175517534616
1.9741072931776102
