134.33015982301725
113.81887687021205
24.255323996249444
19.374073725248124
42.76210837850054
29.27999095303619
51.96629579017275
38.881633752825195
16.213325150503692
19.985463005531216
90.73892462149502
40.554440812674045
8.856483669012789
7.404881143091117
457.70479270129533
14.051851147741274
29.843617174313508
6.938549213272324
13.514220232697298
88.88586643962203
70.05552631498657
101.93135141143819
1.608394677594191
17.837748944412397
22.999276699304104
37.896119646883605
32.347691488547014
20.128690210929477
13.765787942671821
25.74956661574643
25.044510457109425
15.809742101406187
7.09652351079383
3.2030808496470087
33.86677229249037
3.281161955480414
13.624042799830178
26.955238725883902
57.64060567512128
17.15083125875313
66.84573359717658
17.406879030628076
12.346169523542926
49.593028760481644
15.005636267179554
24.193894121314443
20.638319490914043
117.80117162223875
47.943844714770734
273.3959317194865
43.126356883099405
14.332477614026175
38.188390434693986
35.14891350018274
62.28546294516747
68.45330262720817
28.428249267392275
286.2297035488548
24.75726618884859
16.319046194441455
0.0
