8.065004616256076
91.27559946426972
1.343498395250208
75.67571670701912
109.02848331360265
25.09448915877374
34.57315506331727
12.947562192811688
16.071314040073048
40.63913499815436
3.2707778720558593
8.476216446814178
39.8597286732041
7.061340160225214
18.479299259302678
23.000859037547258
8.370535695165728
65.82588776908418
14.23611488470928
21.061914391613243
2.088694043435524
14.521738621488254
22.335086766166995
16.501496057192796
12.95671687438707
0.5100361297344449
22.58628898777974
20.018915426490793
12.906372912401551
46.05273609296509
49.799850925730865
61.55549114957641
41.5654390757789
83.91352988726862
21.088576105765924
25.216798559557446
82.13510307485558
8.163638874404853
23.258855832486987
6.05863534221605
28.46346026003245
