16.98796679969786
26.583035582141534
20.316636777647076
1.2921483606701543
7.653104643909288
16.178685117934293
10.293976380412587
50.03304428245066
17.47596134430941
21.993395345918657
1.3364613091369222
10.032616109376733
3.081965678728679
3.9525630985074827
20.709876471647988
17.23414556653796
32.19459928145518
3.8413923406173183
38.488567554456324
24.982111122867877
8.632860377712717
42.101621753895344
12.119689655391426
28.489270074695753
18.329276099961277
14.628481850053916
20.00026705295204
6.615627121510087
34.94007596487256
16.612797678109004
4.048619672318154
7.138438407211154
2.400357659121326
11.51592278882299
20.719512898565924
4.35657540861925
8.822541893101771
4.742887630094174
12.032091976409731
10.701278162617413
15.731801739149034
5.631928900419965
7.717499363277753
24.44666440009412
23.957209364940482
11.823588371493045
17.773082622298347
5.930786126175917
12.508670130258636
6.601382155311427
7.360352881809476
12.512042421992035
13.61993869880962
18.107605147475155
13.436476473797654
12.290415379274535
262.97984213875776
10.094032129638123
20.084373422729684
