8.234372002061264
12.753872573318631
14.168246389735799
51.672906466821416
57.0701761897796
11.518184327941952
19.10226611035084
3.2573090298339906
7.476299934561112
34.997668430621886
30.314470866575505
41.74931199190402
30.598435892056443
23.35245845448088
18.52976783108012
14.195186815353608
23.25143549596592
10.41766195112784
14.867732153602702
18.99554779689656
17.313491409341523
14.556226459635752
18.05481034848198
14.717213507068806
10.289742390447387
22.540544719915843
28.312737724858366
5.7425956381014345
6.387992069902992
16.5053393694551
8.741843962507787
340.9663214971203
25.744277079982325
8.373618353852663
7.071662426494157
7.311600125106651
15.550708589994542
8.736406016573994
7.897862065057637
19.51092688747285
14.457223292861329
30.774886140293177
13.129122740829303
10.92008864410478
8.541235908837052
4.41244377883713
17.16212379478506
15.086256703925017
2.5205620588204454
21.150186021835566
11.35252899286452
6.074740581416265
17.094517874892887
