66.8255340164611
55.22857067971182
257.66421242076865
39.947064098591426
33.880639895002986
23.24957073546433
28.210667608743066
12.37963443379526
11.19887597318207
20.44982137539118
44.41512740734542
16.600751138370057
8.363016923563265
12.08127854230699
16.13578483741236
27.37187580599351
77.4912948018233
63.77259780479537
0.0
29.195378708330693
32.08234566250363
14.140165896534782
26.500478024352446
79.69039301842247
36.41699944230088
25.32979705372381
23.13337841955226
56.98071924827292
42.95184671193337
38.86693586209705
17.82222781523035
279.65302458253063
0.0
6.876594830817737
36.062758800198964
34.35873650604155
31.390557144605594
54.26642427479901
63.2177148096567
102.21622100489823
72.78405423545803
24.375064528816907
21.035459761287484
99.05921629925007
43.493369888018506
99.29530042993129
28.703816681177244
33.0298858877556
3.6809682521128195
37.83479785903688
35.61416910488529
44.98111261174371
0.0
16.295563245314028
4.647897065454558
8.240067885993014
23.617636683392973
17.536424466564995
45.53250263267469
321.49625176945045
60.08816728372068
24.03662842454051
58.766861727424356
40.44827498351832
15.601579487755444
7.042810546287825
24.33109907271212
9.421948943297636
17.86509567846221
65.39108812364522
0.0
