20.156871197912324
79.00987999874695
36.79570480701568
5.261155467912545
54.888308601187816
24.69223969582832
212.3141131406629
92.6752681499192
71.23617572273182
16.62099713758238
34.188262309155434
9.521016981062502
19.949278163709863
13.41846550104006
20.03275172947619
30.761427337125838
23.777494127448477
0.03435110504739214
13.318696191893949
30.772868764559064
43.72120994514452
4.781036803154123
17.95362132609165
3.5272351254477883
9.476998810313248
25.52765737313726
42.31143214601977
55.479343467707935
17.981385423296388
20.230704496048403
45.93437632938972
29.229972105685846
38.842944479236664
23.528991077990526
35.652045559406716
49.32858446901193
112.85552692293345
5.236666900516795
5.614000684388316
10.335585026421867
12.082699067819533
35.56447004242264
36.401131150048045
56.67577305228498
41.68355255851185
47.01332282952961
26.11606586505276
31.954376693149356
25.54872374282155
27.653516921797788
27.451265355385445
6.196806262988773
26.4081056519
75.54547991273752
45.37070196067528
39.372061847813455
18.041141637326703
42.74164198517329
21.832281744604217
273.7747044714871
15.436571238070513
21.283895001055882
13.645754715235483
25.62085291475323
8.723722407913527
33.20813902460563
24.87617885635558
34.232771528594924
19.31903899141122
47.71073153367823
41.1512464670671
4.462173471995996
22.14298194843984
21.836912960977898
45.484101344013965
17.784402774852936
6.741739872444143
17.79371968064926
5.867048522445089
8.254065411107092
366.43255287530576
21.265769763504977
22.27497019434702
6.270904444485922
9.241808502052606
14.432982575775256
