7.037931378249141
45.97215991852801
28.763372223261584
34.04775154277333
16.449912446544218
28.904863475531798
30.221227987876915
8.477999307324978
5.257740328537523
1.4722357210230115
12.110699709115565
14.776473194280271
6.139483404736424
16.910368416693785
17.894391657751115
7.625467069811847
5.904349381385401
7.576781190380842
35.52161650975678
14.668156251934036
20.39635634106378
21.345800607158452
17.948280778280846
18.54061238722248
6.428436700970892
2.2935548117722817
16.1875319649469
8.552567750558381
20.072002371760092
14.998242453230588
5.1025314464136216
16.282949605119555
10.792848791758502
16.702076440545696
5.695943385487851
21.945712146819886
10.595866163224755
13.306737348247538
15.890708635665533
18.302318103884673
8.742603593692564
9.209532669408262
29.497635201708505
17.4583859033676
6.0200706329748215
2.7417443734757114
8.410997342363402
2.5032021763953907
9.990356087418533
6.854587847099808
6.428207039249557
