86.29572955233414
41.208728733731306
77.47368489371905
2.987143725538118
13.021467982950412
44.635327086526615
17.316154009379943
11.192977495867225
23.67239774864757
1.0241730102645619
4.352495912891413
73.66773686931275
24.76927633564567
6.79262795457791
33.448853017104696
61.75945677610598
10.651698809787703
47.94679174167422
28.556510175966437
37.168666396440074
93.75238233229659
7.689628617633588
47.25543343663375
17.219802227334554
23.572771082581795
51.28914530426623
77.59922699447999
1.1752271120219149
44.98108260908032
86.29270663827997
26.543472313568728
56.52449271722287
