44.146575054488466
76.69700232706069
14.958061719063465
43.96191346596714
69.62221614898613
51.60750694917236
32.52784207518117
11.864130988616708
14.555013201335427
29.912489435442538
20.620158422287858
0.6742769335409093
26.063116412637214
62.88614028927171
40.301696716283246
36.87844118612031
26.658604066565402
27.20839240413551
8.381018810732044
2.427254681097523
52.283867745325736
19.576862903131328
31.76112550600901
10.131464484874698
35.24334462329742
1.4322818073345047
5.1256685285031836
16.89514296228512
14.696725635171774
32.31679007454875
0.3868792281399749
9.147096402213876
8.406734830393319
9.104693838843332
8.363980311930376
10.200230032868618
24.627873162834277
51.64265928716182
51.292414087801305
54.56051831957933
15.399861759840832
8.394260241756285
9.520765229787031
3.8842864201412795
36.273564489531424
24.14538458036418
0.1461857012018868
