74.47536555529805
50.83638205933303
31.211843841770218
16.508156795047455
14.565480767196476
45.784376489635974
9.987500363164898
36.79034307774067
276.9952860121316
28.287865186726066
18.549313656195963
10.289948954880103
44.108067410704905
71.53810613198857
16.04462294354053
26.126193617020647
6.601266790190323
72.95769769743052
10.150346513769307
10.518436713028706
34.458328192724906
12.723668500842152
16.880202209470127
104.11497309122817
32.63894885173207
32.70998379725509
20.60155614745156
59.6071293285915
39.182461314322026
446.03738567457566
82.77855526845649
41.05320473480501
13.622545216264385
3.097580341409909
2.0064418106950797
23.18800418256916
14.944082018815266
20.142508174232447
16.64526281123345
8.040670499163767
21.890184458014133
7.440098626706742
17.74176922627312
9.230414871050598
20.135518299313972
21.76694323448693
31.640796822996577
7.880263746358565
22.941783470703385
5.840192950935418
95.64734074306426
69.42359904032054
47.401977641418426
154.45338735441067
16.034129419902598
10.024621425681232
