49.211720934895936
52.16864067108216
8.166095795737377
22.76781010866833
24.729790124344746
29.986898681593573
37.689983174498096
15.677700683069702
12.521944808211401
11.699599270578176
19.08947383701792
12.23440801800217
7.873042605109177
17.909075901592402
12.70251182768682
6.56633849012691
27.28330266794933
17.635619369850758
69.82873589041081
11.831436327940352
0.6026008117366075
21.992181105356877
76.3980550948477
68.56959520596004
27.044054979963946
3.03397590467506
18.28511840153095
19.371779565176354
9.30005006044803
29.589628309815723
22.821276200506205
21.089801442784108
17.095247224346863
18.088105126654895
8.55750079726198
55.98014552342566
42.391974798729606
34.07789512852935
13.492640511666252
11.747225144157
10.48126671407445
9.270413397115064
60.41560246599883
0.06979752143925566
41.48431113164733
45.01289898329692
76.53467255986051
5.037149338061425
19.50457899877898
25.234501324794138
13.774329805769952
18.54607100663044
25.308182384998915
23.04125925612898
10.424452554190395
18.086755984989026
12.250011259995716
59.5060315680998
48.88384767135355
20.122223363274117
12.668225944343561
11.80719263570532
5.115727879662245
28.5400110649272
7.713491195670272
7.303118878169229
24.16516694992852
24.636242581576838
23.793278978406747
40.68552877181355
4.281054630394294
28.60885569917761
4.96855974979735
21.995952846922805
18.740956924817766
11.351769776594324
26.3282170394466
7.1549810880577525
8.740014780600575
6.011667469432666
24.965349538707287
42.30603918764035
14.250650073261127
8.22778767443981
12.811108887995033
48.07989662901912
7.568450875813468
1.4615090504574653
11.570566858506353
14.883879819411234
28.437764998467415
29.18520741079074
23.354177087156415
8.737754341306456
27.03542474583034
21.070782641121127
