17.78664645863455
189.04592998798552
43.56525188900035
104.91588976249204
288.5590010564674
89.22549864142192
62.68949029411142
37.35843059596448
29.174996139582845
32.69642972969537
37.12026308405672
33.25707098807605
56.26646395686046
254.18227693153491
103.6859066271501
75.04091010790907
63.375956597387486
41.290566861022825
22.683673639195305
20.542395242177548
143.39399578816545
31.142932583457707
57.93369168082188
24.594873762764138
276.44609091754404
42.21469286211443
42.960988186268935
84.4849876905182
36.22634961287986
14.877061370797293
21.536565313286047
36.94682971478208
72.07894250742919
13.00480525377796
30.304801219990182
16.576439222646314
4.715680439503913
342.429623659033
8.865163623736905
16.90607811814516
25.363508342859504
