44.86299786335793
19.78655654514614
274.8962238577263
10.590171290554323
18.92433221879493
36.610199068998355
23.025391669244357
23.85047447374164
7.788253479482378
304.8136973633354
29.65627900858837
3.7838074631617076
16.5967375921352
14.090680423090447
13.079924779635974
18.74555869143076
3.059224087423189
12.202032252880514
24.881138506917935
24.730913241870823
5.982350987299753
38.13259941090399
24.48355459295486
7.032147369436643
3.604283113147531
12.004070192621612
50.73109798102848
21.783989562192247
38.92226208540086
36.11912133203151
13.892143880119278
17.19931082501114
6.779762216420025
20.15591105865707
15.908665766246003
4.235912575051586
19.78049596220889
3.868217446209087
8.670548819011358
15.365297655704111
9.591387458016754
18.06565049739983
32.48464443713948
9.671618671983566
16.62076171923316
18.015164898077742
270.9916246561089
20.58168499718282
16.36696665173956
