57.14662777147788
14.411726737754492
19.02518888168953
20.422164032222867
11.81792298379446
7.362662284475135
7.239437310026275
187.61222178544062
6.481386747340977
3.3176521272373947
19.064827908027013
6.508159941216036
44.339377351733674
10.853876169996653
4.569206210935022
22.854313069816442
26.464091889164763
19.397383212854976
6.093055934018452
8.066299773710739
13.171940042576693
11.74795714522213
17.260771754853806
21.936016701352514
20.194247516946305
18.802640845191604
13.324772513412213
11.725041358478279
32.83501275429214
10.216406133639936
14.988061340087796
15.14259342910458
