10.127937814343568
40.591578987308935
2.983109375457687
12.306693972603554
16.734893656099715
1.3429310425244552
29.535935100718348
14.009825972458358
6.83183410837816
21.862111095648473
18.999283277459014
2.1566457281560503
7.491191373307814
10.059921957470308
2.32193170803734
27.820448908244444
4.540824198634553
11.39352803622019
151.81908190116468
17.185941048020197
16.810760989343606
3.404333751926046
7.928516046628488
6.960464467689079
4.246173178594077
6.2604273809365765
5.1308677107620895
3.5863274790791735
11.654845106514557
13.167229656242952
8.821609007374605
6.544633690843
3.5119470366545755
4.571134012466771
2.7046285243675072
2.2689245295523364
8.894904151218725
3.1854012276169783
18.771106542504995
28.251337615870824
12.176105974187024
10.415841482005874
15.385003711434976
1.8005716893684678
0.5593843673252223
27.858958299261374
8.448037255438805
13.335223741722814
6.743294514296991
2.7573508755210554
6.6600361559265195
3.0329029740461664
11.676858814930881
7.80172811750424
5.690526209798719
