23.204502033363184
61.933807929228934
2.038618252993757
55.1640574900603
39.13893757172194
11.422586383014277
35.92563014832666
16.49447566936574
11.029293727722376
12.243291084503625
21.313459833468187
14.50880553905425
8.95799466082643
12.247166712567207
16.280010779215317
33.6350345938296
45.20210087413653
33.99361912478538
20.30807221717089
3.7432808565469173
5.069351612882443
1.518111459190436
13.225502638274094
16.408936387388906
9.991395456238251
54.73428655092772
26.21300362952057
4.734162271399214
4.504456094109827
11.58522022663088
27.614148674328334
14.61036172386234
17.74639136016421
37.296175974018524
8.047771481186459
18.510726713738308
