26.043038763414714
68.68877217762858
24.60960932446369
37.36932534781042
33.08455922379051
27.471312331403823
36.282066951682296
32.83866051993553
14.142890930872227
31.601893398406133
27.635373591858666
18.41348037335007
13.159861455243814
3.0463288823952297
64.96400516513114
36.70692246684973
20.019029564081904
36.308889000545776
48.642494055166125
29.009268748068877
4.700640179105051
63.47945466778738
18.789561646005836
29.361676186085617
31.66767772146349
70.74613460065434
25.72901372485879
28.143676123833316
15.5564532380358
7.2743599614289
9.289070038115597
28.54459281453302
15.33849168482017
20.36207460251245
5.520131773888622
24.080438363539713
12.049392812421729
19.64006365951377
22.085836908988384
6.621609733400973
