29.221438682612657
13.813468519399379
259.68658906127786
2.0788140717036896
37.40755351071091
6.065405697673441
24.652292523957357
13.2355835501141
30.198077696292714
11.316524894724168
10.908824510946346
18.8908442113851
3.8348436689765606
23.37227691596685
3.37823638521364
24.374547337647826
16.41801631018356
2.1866813310977307
26.853495864885744
18.784891111820144
9.23475752786176
9.829640412130104
8.847137826728726
5.116697513726322
6.34804172379792
8.84032279894025
0.20390131391229716
33.48186733753195
6.106517891975685
15.58343742991785
9.253789608682638
10.603084948522564
5.295349490436479
14.71235720732163
30.66617099659628
23.02502609746135
313.23896781597296
18.713808899912664
9.94908265926118
4.291273050571789
2.738532057399624
9.310974616600888
5.522525625670269
15.790938241841161
14.366464715061682
25.409075255783293
10.59000086221593
20.92631286474304
14.22543369140854
2.7887611404028263
10.350124990689125
19.753886756738993
10.989773587774692
4.614901986325663
2.017691001645659
18.02934924722142
0.6265741839161336
11.611375273512621
21.723116186767612
9.023201798529769
11.109918961748988
6.138627982484792
9.208061265831873
9.520753714243284
11.253338201775179
21.62520822624961
19.62076316178137
5.7725893294793735
5.6435316000325315
10.258453481021661
