124.08159525396549
48.060068988554434
72.78243216839999
17.501400471825292
5.909681013627761
17.469452727811756
12.4103234896441
19.610631178430253
47.01825207825398
60.549580314919254
1.725617152824725
30.793595868606744
8.163056636333692
23.60305465458252
17.093683704175817
66.90840468747831
0.0
28.14727154907544
12.328839681432157
49.87571101916407
21.285626182416465
69.34140241303182
56.03325832426587
29.98928507709205
19.23587739366512
12.03494613996844
3.1898909897899728
32.929321450594415
9.942721042236045
9.066375274499592
22.96899147244261
15.29552829835312
7.723905469059218
252.84772722027344
119.40795812483893
120.28747141866359
32.92155114775203
36.8241742492402
31.71913136387394
16.376008648615908
15.941019489256377
80.33279682129252
13.377413902239937
21.034415115977225
25.577408917209368
12.851485561669335
13.516897766208118
12.739413470502939
37.63929964980528
224.20682259932005
24.32559777018288
17.658181310230944
16.765944514216045
1.5209419540413478
25.550654758356544
34.33514091393883
22.292798942914317
0.0
