49.47438572761236
20.275955524697736
2.4259922716375684
28.59287909770167
18.228725980079574
181.95846550454775
9.682329260337283
42.054810198711394
8.426899369091842
8.885515849045987
13.037731068049979
11.478284035866125
29.765941835211464
41.419137865910244
45.61595336548024
10.936718583261609
3.544951414777813
7.0571859793669205
2.518966040149195
31.84439912082297
28.11931788285466
30.306245486456675
10.701040403940482
16.89352488519573
23.047347403771496
22.30523994028546
13.591620501493125
7.388293312104665
20.059467382310643
5.589539884397212
13.406654599157108
15.754504874857048
23.426479899603507
61.40672118872956
68.01767848703315
49.16792583457382
66.47735054416387
5.668843974383478
28.782805100301317
37.34591817291823
29.531452080414383
13.544076985626461
10.795243102075972
11.772499885312058
9.535581105616913
35.32383890334633
26.23048091155357
