29.87998955942213
58.18843225822772
38.38408565958953
37.91000279512659
20.0966828148198
27.859021817720176
3.9162834359478182
15.430026098221788
17.320496927120615
5.509313133525865
33.00842719333127
11.900982596823212
23.143889832330856
1.1142336220874682
6.389700033745228
268.85570146037435
18.447600836312077
10.069289269420864
13.026354744692014
19.596176738545495
7.2536567920165425
7.528455746672634
14.362505292017389
8.367551596552431
4.388402901474549
21.262353142534053
6.275055329806534
3.2599097066101024
12.565336762584977
11.051234524404634
26.135870551940755
22.737496827131523
2.3507070090870315
159.99116747955514
17.85242219100131
17.083037049413235
13.258801291880147
4.354438631964371
16.886432806095982
19.9989264085887
6.536389271945879
7.121994194860676
13.926600079226603
20.765688107943376
34.49907226308807
12.769008977135869
10.365299976200959
10.372021756807541
23.524076775944735
4.816671189381182
10.210159664678727
4.80592651160417
10.894686090990277
6.840638624145868
5.338763493595835
9.412252248470992
23.662767776457017
190.70345921688505
9.16758934468912
15.274252333775152
6.874827435644889
8.86245994645077
17.346547524781684
20.168745550306042
28.19756770121083
5.08333685790204
11.733581087551912
27.60617335526007
19.570498761667892
16.440824115926276
3.974056171060525
8.299547962674751
8.078503771881032
9.436627976269008
12.059437048781291
15.580559090001572
8.552830680824613
