74.57890369997793
14.465353521744007
24.29237784687355
12.899784834093822
3.7647666271366944
46.97340766853398
18.99721716366041
26.48366035362831
4.664117466562999
34.933022395681135
37.682176581489
26.741512816530346
497.1771803827669
28.84514336106433
1.9454876058517527
30.560946007685928
25.203398387038533
29.042335054815254
2.8242499962795193
139.52528745840607
9.890947220921547
304.7860132985962
0.7650262912206642
17.630810286338573
20.864772702893347
10.55571436983766
4.02465749553231
15.735962107755824
19.92138569037823
36.981393185717735
3.4740026849839154
12.187647384465663
26.752146856973326
24.563523515569372
30.537075151923617
6.4164839828404325
25.401611968362303
10.59747912740427
17.701778411585153
18.2672443414977
16.075539683537528
19.273157062317168
14.01609434035258
20.248452576663652
7.948469639994002
22.603387240766068
27.722228555487632
26.51223671677849
7.551760760724861
27.133714817263666
28.774068798768667
2.2035611778345583
125.0002517047797
26.91868797121549
7.453721057387085
23.539661547439735
25.04627647066549
30.07765536373654
11.550323879621175
43.30836478946826
11.581674298617727
