0.5636553151710046
6.302220547370339
33.60163499205733
2.5144819287322093
21.442272362565745
46.00792757883207
22.047218763762913
43.037058608774515
26.371656494419767
47.11856684100144
12.970359168695751
36.248443864858245
57.890388669449734
53.678757778367526
14.00076643506793
13.461496098684847
30.079776710961767
5.1082060916841385
10.921226505947175
16.563130180287118
42.93014589406113
14.733629416505607
62.43786470027001
5.031657651985881
27.281907139534255
16.92036272744943
12.909508543111642
14.187928858811631
9.738295388759113
5.820789971383192
33.53673418738751
6.054360652247837
13.94699231238505
29.15349823761879
83.45505120074428
40.92961118302148
85.62973972338011
30.817990631743342
22.211909885797255
9.184396616770059
19.18922210401827
22.181908515785068
9.479739552384956
27.995455847887527
29.78220125849775
11.976827620373257
16.576882382737352
18.734725467582464
46.88649360632307
41.96002726727454
36.768793541455366
8.069739538392497
57.312957595856346
51.69045230826521
60.765335658920264
51.32682830545899
43.96094406145818
33.450712502275195
337.33323265312305
8.86799671873925
9.375266001046356
89.29448903760937
13.1448644106285
33.85712621221069
32.00679423954661
38.84775053950963
38.710102502742984
9.778468521454812
10.927931570974252
18.686733623092508
39.742401005299826
20.38387834757684
38.72743193010095
