49.58867731809518
12.136203555578973
23.743532411804523
58.20952675979099
17.322180404620113
15.481825683230312
11.585563472684555
22.730140437954645
4.032783348594009
341.8962939495249
30.12716279163844
31.700562460063864
15.48882244593274
15.9386919996943
34.861105195622585
40.09016635448104
12.08905475583309
32.8716966588356
10.037050293696012
22.770737669768877
18.58612497032493
7.754680895932836
8.574562387676806
9.50826710953001
53.540593829187856
14.30068144045228
31.833063017782123
10.138435719827271
16.535202655487424
19.377099271942242
12.172224963002165
7.953630827189983
5.882415671389211
11.238605572838367
15.479078337547449
26.941732361696566
14.587975187744263
8.539262992995788
18.955631703335243
38.16175853922596
35.13643210293641
9.22127372842732
49.31297350023628
10.522428302853129
50.694681254851886
30.607509556590983
27.07499687448025
35.77188147332453
7.251567995874524
20.53794168626378
18.96163060816616
4.778240624736085
9.17616991309147
26.8608055983281
47.99554960240356
30.93893141676584
3.2228918593926608
23.599725094383416
0.0
47.05618174191024
9.111367791762788
7.389746299988673
24.893857360053545
72.63589458051143
30.167003260391795
31.002463786387523
13.249692588581112
18.39877371463949
14.082282234864266
18.517870744123556
222.8936207034762
12.063415896497503
28.689686293310018
20.920155853372975
12.158610003012
5.624253630379911
24.073031880917355
9.545527771852647
38.74732031660602
12.419079877990654
10.394831518696549
19.80526227290649
24.50242836221223
9.08831172293148
20.628665306986804
20.884712992376933
49.52474961834335
22.514590164839547
30.10050075404952
5.935163212693666
13.101636902443047
13.412953664125283
49.41168160031174
14.091283182851726
21.35113010409995
16.721826296840362
25.639478734840836
17.23738833883789
24.0724747986755
22.516221520015478
13.889330415255301
4.3726499088423765
12.542248565661481
17.218183032966294
10.111605103929278
15.58169212097441
16.61195752676319
16.526152088850424
5.4663088182668105
12.13326532886451
11.652259628858417
2.1441402074703433
