37.079300642343966
29.77499632124041
51.55504547269186
4.993168827118325
18.632588018988514
204.28540445969836
48.85935785849988
15.280684945001767
19.97238113697715
16.292570887590813
7.639500884874479
10.884907460558509
15.457026234215988
5.996805978057793
31.097555234808667
17.875497645604426
13.145378044200257
30.253898046056904
16.79235255171261
11.066680949218707
21.667963124842487
10.744744662698324
24.117272612327724
53.9606795581678
14.81535354059838
14.8195237736509
13.20306382908548
8.501896143830336
17.678692747781156
9.311143386601842
2.358417372454511
1.224111125298549
284.22158919856577
7.066144712076621
2.907990218950019
5.430565963196997
10.75539366626846
14.447128415485324
13.347110435613502
