2.9974529735929423
9.539308323142706
28.77531293448787
11.034319513431853
25.321957842224435
23.862058687395944
80.62381664825038
33.69992557809822
47.2582501837187
49.97406980327371
15.227580406952
22.329414057598115
25.071662584256885
10.466719595130783
46.33702016875887
9.77807098247716
26.274102617958818
44.30205007874005
34.26573371229013
16.586303559160967
34.2998912921644
17.56696586055972
15.055967112539335
17.664916631640367
24.669613383939634
15.033666354747382
10.311133334067762
61.99727501153981
44.96770914193711
29.65448906241417
45.57014044681256
51.72788804120901
52.43670308109324
15.838723623171603
27.51087419568394
7.4812239613769975
