59.73798302965966
47.71790898566266
18.24126693410028
30.70619289329241
6.325442504838321
26.269673237042056
8.238648574262783
1.6780981584570753
29.387515222422408
41.712252212890974
6.795879714391788
14.828917077214356
35.09360624283484
20.955015510802852
35.49725373533107
27.627877528169847
41.992521305340546
54.66958306496906
17.60324835046785
7.463523611894743
14.538948302908224
14.62394691271895
16.21078801146703
13.292980649702926
31.55516719781228
7.066164619013975
4.295238003042954
13.705309522524175
86.27168668600711
33.43498103352674
75.31004983682949
83.30681579054374
22.630605065090975
70.07958823257239
4.72498825891212
33.32999475511696
16.113893621799747
73.32123633391976
14.848634790646585
10.494876210225101
44.022458947507985
9.626940548370555
40.64446524408429
25.279546839657584
18.096852885069637
14.801485540188096
101.84326408124363
39.06265798299903
35.71916719323005
10.533792199755993
28.85264685637955
24.710560427096425
26.255307484826147
29.282541795148205
7.963784442487025
18.10378106693669
13.87539227536115
37.98856844770205
28.898439546904314
11.636943191804676
27.083076298260934
26.290801773607853
20.560034557229216
19.499766822946185
22.569748173838406
6.5919085185183945
12.074542064596542
7.780290859919816
35.786568203320215
36.82925145798126
14.072316166784574
26.658554426978128
12.077243063945758
452.23467464666146
