106.04047710597695
235.59211353201715
1.0296573535618734
31.488429441809586
17.234565387925073
7.224503880590504
29.282144173460267
5.484088678169499
8.99952926078332
6.07086487226735
56.89379675244892
15.52485382494362
35.164883275990334
10.300710481150915
16.326860944676895
12.540446087594319
22.855771501492413
23.996667049689634
2.5794245133748888
29.564954605380578
15.927722365573246
6.621211829808544
3.2970557908857785
14.160577369590456
61.817012061321606
14.50942649864227
20.3487568749336
18.89395971753183
24.308446033374196
47.436256969920166
13.663108001155706
15.934648907245446
9.18628580316016
17.362235000955707
83.9632619715444
28.318108942534735
18.016679651603013
37.643575954397136
51.33382294060954
