93.61682143170967
20.76602319472488
31.81425941052771
48.616715114497254
62.612372514248804
19.27838195417351
59.20710926300109
214.31222529266688
6.463511260414634
24.059468527444466
27.193457397246675
338.7392498166795
10.246114770636737
39.416256958022174
6.353926846032749
38.555476750750074
32.299018594163016
19.503737413769798
13.838633387234268
14.922303223439783
97.13644450776651
7.850942116549717
106.03246651089725
44.66586543416096
50.09347148670379
32.99241578063196
24.887004586703796
50.99433090888168
18.891790790036197
29.225357886708366
16.152463333731404
19.26915720300275
249.90765746558696
22.112340664743172
8.985396860477977
4.848761467053535
21.786030221230988
20.60163061340458
11.62050316599867
