54.64257102083391
23.34008525471566
8.67320472310874
285.5097126293024
56.77894796793208
20.310271127183682
48.774772227412086
11.274024949247888
368.2422799672723
5.777727666386767
6.7400292805504165
37.43510538265771
9.654599706690732
24.649248654243507
196.58056590521554
6.601358804030809
23.80133311712318
17.32988681746164
14.892146946240743
23.218280305783253
28.519463074465932
11.099834284222041
6.035947852322636
20.184411125114465
34.87619732071762
57.48646590158178
66.45041851616548
190.69759145730663
26.755974376081866
2.55036887642936
69.87624406797312
341.0912010937866
4.67839480072783
24.263382871821563
10.15142239802627
1.4385949732477883
189.54152402081473
5.282589327431907
30.42010752670194
4.457753046780283
35.438465491371346
5.438018439912554
61.13675503884512
4.952353349623664
34.5479587333663
79.43931115059772
233.41432420959188
6.635638319149692
29.06486848574744
24.504890804831177
11.44162767669593
2.398283122456334
19.058459611039936
9.296074008599462
20.94778449116731
