18.83038404877817
52.10454347973341
11.027922425572626
22.931374745250267
1.587174306308114
76.65920221480187
17.042123970690156
25.575558040773117
11.087268321702453
323.9488236349458
17.41086247198274
7.799713847392113
7.756579559879299
3.910438000865412
6.316635242056591
4.289743325045038
8.144581694584616
12.805312780154992
12.304667831586485
9.324869190019271
25.7801256581361
5.499463575885613
20.305157975238984
27.81465009796291
17.48828906238775
23.455808387961895
45.70332609864087
34.711518958497294
387.29740552035565
10.811760914620422
10.667156659623728
44.04459867017047
18.81097023142678
2.073809423781938
4.933650211258794
31.343309166415864
29.201841265331467
5.802649784994415
20.350218044495975
21.216825558430457
22.323462100872888
13.26306215830742
26.838673505906073
28.111440246408932
4.159139584653246
14.171972133269904
9.448519794866868
9.779656766205633
171.75483452388335
28.7154908599001
21.32406701926857
34.15423146242399
3.4027051742298653
218.8067252701071
31.68255532402435
15.26603829190168
182.1630404017681
9.250230394056516
13.229962738312423
3.29178656319732
21.387632452015225
29.08740347273536
15.35653541417193
18.529692832963235
0.3737062539011191
13.766084060117777
18.906191977389824
18.414932728836988
26.430614811384856
24.046338750074682
22.10498959460223
6.156779954892244
8.935057478569036
6.420342093678812
24.66754894268962
16.227887109891142
14.373496721348388
