15.839615635965828
46.939193902226364
24.878638584484634
5.010020622685744
257.09748250374736
19.354128214302065
23.680943013667616
25.224937210613504
12.108153427738458
21.36463625740879
8.460916171270199
13.708093515792626
7.655035863235057
14.481356517760574
5.269299118210469
13.993433114659837
14.571328905440637
11.276951387519858
26.264856608532668
44.295527248287144
6.8573892406232915
8.577619113799628
23.904412835637174
7.0085442309489
21.10023854464275
27.006896848562988
24.83625401373365
