49.128749424277615
6.1625357305481145
32.54052787763705
25.143942864424503
16.404070815834388
20.064709984091934
24.892710116838984
2.142694994978797
22.11176850896277
4.041760517928253
29.781003381460252
4.464827769060776
11.922263354065947
18.665330108110027
28.11308399234015
0.06061295747224449
11.567275305068819
9.146070437660441
24.369247364575685
20.478651067303716
20.702859329990844
4.394028663199009
5.172394006677564
28.696555363295914
22.094819804345235
34.600815108236304
0.9723720782536986
7.880020689595582
8.420700381590507
28.721846288020288
25.832862268071295
30.092035689637186
16.110804027313378
12.11084509499257
17.500864682117694
12.437247642058395
13.688394537663982
22.82585188740329
8.279130785660286
15.350526953788162
18.923272901499885
61.3613725911857
21.779400997352383
29.203703863577587
8.580211214663024
12.811790267136345
18.969699107175842
17.109935356131956
24.409419456027393
9.970958466691428
17.061220550848915
229.32715877399707
34.42253488378833
20.48412365477813
4.76534307483638
17.651878468598895
15.494701243825972
9.468515699212816
29.706871727459742
10.39110223521432
10.35865178054381
10.563300313395615
11.72113673764639
7.060749529961441
25.649622365168526
37.7530870174854
12.388504271044155
17.71160958307142
3.019154332446959
28.664053630037714
9.315835382307569
42.556256773944824
19.58296811452101
203.5379571967586
11.286697591322692
16.009287059569147
21.247822122841384
1.549312861190117
21.497225573525924
11.252685288347635
8.11937394117217
8.340062965814099
14.828695377717295
21.484435442654743
13.526597602753384
15.100433596002574
2.3396464764909837
14.340304327339396
20.162845218291693
4.741472011804305
28.30196509419575
2.104942372685443
16.48702990758838
