52.552323359128806
324.89319299545986
81.1172200127584
84.76891309143147
3.806476172757783
8.076709873747959
44.318130796153895
25.67553117088002
11.324136755608208
7.917985668368999
31.74301595327185
44.75194866499899
50.48991883147767
2.484840734419919
22.04305267377555
11.078763312818921
37.0405186791684
71.5773068127518
9.964667208793912
30.643274572367886
43.17758897638785
7.644529033452258
15.895808083091907
31.697467643300612
23.243126170896645
20.178483656457317
48.234818691499214
66.78621727385038
70.12043212287209
1.055877892725178
22.319856062274354
61.694214462633184
37.377963744112165
4.880684915382858
8.238703603949062
15.233658512662231
11.76049020069064
8.862303868209679
7.082660060712001
66.1396115231469
79.82222317563756
15.99221949814256
15.090884679413392
15.801312480345587
4.039786875877738
44.49079151457343
50.24199231429418
21.14976778825792
15.348943425771893
1.4553662003472567
22.293011170798906
14.936129819847253
13.018261478619664
54.071765309294776
3.967865766320415
18.375090215934364
21.956070543662264
19.66665957780981
22.649787164190855
11.785320249987251
37.50524214149017
35.119109342506775
21.96345136536179
34.258905068085824
19.402927647019354
504.6398585139025
20.864749021110583
