8.292454489610662
20.69881802759491
56.797759304223376
151.21003207718186
6.154633366390456
22.563097548401885
9.676326865178439
4.638581725902299
19.17842288250452
36.46320155903915
55.419950379890324
13.239417990227807
16.590802382694918
41.3415986624387
47.0473159008765
27.704837723945786
19.52438363992451
10.763554197355376
10.504548853505966
34.692361889403855
6.0290829448663175
20.656917197218675
36.86430609700645
21.257910479139852
8.065452650541474
48.97835039044176
19.30214873953858
23.867339495163137
29.02627060842552
25.492492953195807
16.287241684353233
27.303727849726215
15.467635455402842
7.87960046820163
15.744891039538956
10.742921533582148
11.592214790712774
17.06401772270243
