9.577939043530648
38.44684459809399
58.44627083398986
9.846353580512243
22.766464926805128
13.70454387536347
25.417254181717908
6.160993939144788
27.37318665770981
21.093340344077532
29.43921991936665
18.308038635306843
29.713885061615898
5.564125929771464
320.39629805079124
10.139258322944542
16.63901615497865
53.91145908587043
14.919313956376882
16.4990350083322
25.60703731473326
7.349553962617662
33.01376357120971
30.101633493192324
18.467214996779305
34.70825207016931
68.74978307972512
44.66826413818802
20.217256044829085
12.454565867095056
307.3172805770853
7.685418186151637
38.515941316445705
15.336842706052934
307.5248237192626
70.94224426897698
37.606122691269675
15.859692066492812
8.530343815105141
8.247044922435549
11.439774218134716
27.10273209284145
7.439797414695278
15.139672210642033
14.282771832860803
27.048169010918073
7.479008601081674
24.857703519420994
15.39660519379359
2.7906863193826013
24.27502897661182
24.330360062379768
10.71427686238114
41.26072675946749
30.236294531457517
28.92050172623776
14.92696243588729
9.80600034869029
4.225255159727666
15.177257207754721
14.658267136540715
