56.740357943933944
39.874063904707214
47.332806613749995
16.699523563498474
29.050987195381154
11.974613684128329
8.418585920964233
30.995931462531942
19.005111031215094
37.32752038362385
28.17092600709303
12.372388508741892
27.071751896095734
0.030702851865825664
4.613543249350059
1.2735156231395877
3.696915033121982
0.0
0.0
7.134003978341397
18.658744091364568
34.753196021776574
21.05777144412849
22.47382746524606
20.341829082203233
4.060408635863183
254.18007944339647
5.515283610116498
1.1875343479374862
10.969590746701982
9.204409014346169
22.104799622108644
