35.65556628366207
46.52324297881077
24.454367319084128
21.514771720979752
314.9138334627712
3.051297219149589
5.4381948623058065
7.510653435229841
82.41084885636141
22.00274038828192
21.145262266708457
11.152327959107154
40.32709506368671
12.217027626279318
6.589531053319888
29.393287175303698
32.809673439975484
25.78495246420745
6.935589204088203
38.463941612290114
48.644197557866676
16.05897620233732
57.51792043618654
25.222842906371113
17.90288853020411
50.71140089188991
23.865138783579468
14.598623130248995
14.602307356939917
16.201003728233403
17.86099086908976
51.56744263496202
13.651133587875734
