4.906407876706311
15.29083855874407
51.10062796678686
10.19254792465864
8.614047425772256
4.642474531384977
9.619305152284284
12.12571271352094
10.853312051405496
19.014026881806274
18.3874928489749
3.8113077522528016
13.48541429268657
61.981023010452574
39.797879814022906
10.954287736497648
7.360375695113618
10.514474250029025
20.639631562485448
8.695987147218801
2.647652929903586
5.050094930519521
14.46910943971011
31.85025310072494
11.389193646918628
5.378466664652365
11.51154702452142
2.6635563253289547
10.988492402467472
17.124755181045543
6.353582687966963
23.617740194371464
9.691029003609657
11.146125037454738
1.991460389321631
16.465605089053653
9.842682123356042
6.107086180655841
