11.74120696791097
43.50534231566786
62.29259076445783
23.935139463578224
21.47913149311185
5.987866190162123
19.555228824459434
27.494746004579028
7.10909994820085
41.95793170770472
16.98040341472874
5.3408053882834565
32.756940259055014
20.38096249144573
2.3837794162223815
17.98276252255475
19.733074402739973
58.61647437468571
20.983887160390694
7.606028380754921
13.411771910631089
11.596917340535057
21.554902007029852
32.7490930904694
0.15949272330831832
0.4526801809508214
4.17722288646975
39.98329506496029
6.482662088843668
21.41470921575312
37.32470278592457
11.317877970151173
22.015519613896274
18.55305042060462
6.401096662749467
9.591320626143371
10.48050209959952
22.43932853975005
8.366853698600735
14.899591833206273
14.025004757436875
2.2485846386333463
10.930084439528443
2.0280231855747104
5.765025411716394
16.484758786260997
11.962203124386662
3.2062965435606543
7.839311708743651
48.36320591184209
38.569631610490745
9.563021283675894
4.104010586006069
10.676558835970923
5.58666835790531
3.5569968933455556
22.337689447586868
12.974998895050376
8.280344687684945
9.566982616734265
9.40568327243058
7.79370134600795
