73.53561656051927
77.1612034272921
115.79665527973535
10.354166403856652
38.697844131828546
41.85044169057366
57.639258145638735
84.22465078184166
11.560314189217962
9.69816849393196
28.370194192252
4.950731814074061
47.7437927390055
9.893586838759319
2.0464521993584412
14.86625259361503
40.9540850496919
21.876956400112846
18.183499148046153
14.772855786738077
11.79499685295984
31.763057881692774
13.59929916981487
6.456903478576422
19.231750582841684
30.752326288756336
62.16013562057354
48.27595857269587
13.264361836675263
50.43019358174867
14.593657141031485
39.5810750751358
130.0013017550761
15.791221034922188
10.859253495328971
45.01888391281726
1.96565492300968
20.003621202498593
15.275324678344575
10.268581767953464
23.895710646724453
29.616736214716695
11.615853501328516
14.201365350464783
11.649850108725033
