45.273067076413184
76.64891973366751
31.340603073538347
67.76310993835548
31.2924801694235
15.799669741683445
18.723831442335907
23.585529982575935
74.39128193520565
29.551723591528713
27.922286871655473
21.701220872368538
50.31275348279286
4.181206198988306
451.66329359291063
53.59233546466794
30.50420314356839
27.831657814020843
5.128154104524697
11.942716201931091
9.900476443857386
21.93853604939659
20.897516372983304
5.239073699461656
8.85008617297963
152.05374484980823
72.6703060225353
53.02723022641658
94.78430774349951
46.088511874009995
14.506462356933056
64.05792020997914
5.832265296134068
28.536807218804682
19.439192093639974
43.34127947855427
22.740994068152304
26.33498510749122
13.575907124266365
34.64413379131723
29.730963894206326
75.10696910361746
54.099675980977366
6.47366930223825
31.40352277425518
13.523771407945802
71.18702394679858
224.45762016564998
28.35582753589948
321.2324284340212
5.956724201732385
16.218223713043287
19.713069168191893
11.44810618886872
48.91198139811752
27.228763480551606
25.21973143546174
12.04748247183204
