96.90256304312243
56.35404594143705
58.117235429726634
44.6545015636313
16.137717122797824
19.22217589638744
13.84727364170277
33.298091163501
2.470002115652605
48.28572244631903
31.105206609861327
63.916580074075966
28.656279436505855
35.78338910778973
35.448164874004476
37.72803043792044
26.645929517540793
64.02548503198071
51.47990849706281
297.33164954852367
60.44134290223299
15.730186891931396
72.39465463418317
49.82767021044934
20.638526627203078
74.37281554633132
79.1902517926093
93.9532686551945
20.633431301876882
43.52634662667049
13.522175633557737
76.844209031366
56.18712512377574
2.878279041957768
47.90789858139031
54.22275456100094
13.36677303968446
36.65368505774731
353.9803656598989
6.53764706141574
16.948935726566745
64.90950627072489
18.4907736662405
46.415932403168284
20.195143233515964
24.39260434129416
3.0426116677099344
5.991305361789756
43.417154327959295
3.478873121276237
19.078379932373124
12.75237562153498
25.095583414418385
18.638845993679837
37.13922203808616
