14.120104879010654
22.676815230824616
49.94030886640684
17.765069466820677
55.7547331120503
32.224421118673305
13.589701167877308
20.07548993301951
11.57976936004276
15.501986067430451
26.02281726976352
4.854595786210865
0.9324641309848118
31.462667176041464
16.997829276117272
18.919569450319585
39.12901600636047
31.299641423715656
5.052428095397701
22.632523773531375
21.04120784360471
5.515860272154228
14.017991365862997
7.186374639204757
17.034071927594994
9.385576574803508
3.29579971624365
28.047983164387873
13.030114781260934
22.673937741753065
26.860016379921305
10.820054458032246
31.891768303828627
19.284432572049653
2.95156307853064
8.566277082835114
8.946983415544949
16.992408705170135
31.98541064586908
3.4013677285363997
10.912301132239847
17.270909877332713
33.10390983119311
34.58322223540297
29.948090446774373
47.52895572059802
14.124211948415336
18.734584785955306
15.591107838140886
14.344537426625735
4.773339690142208
43.71245923197361
34.76539419007035
21.2428925852345
31.34729253412563
29.381293056715663
35.0702261185487
44.526811931657974
28.015136505173984
6.956561491228143
22.444676958835885
194.8706220193472
40.03669418733408
8.536141664686838
12.14407187645891
18.796168934497913
14.635840320591853
5.023196084627415
13.981625887686576
249.49223153539492
6.467908878282913
3.3274927181826683
68.15736981169627
6.45356497384148
20.097111420275255
11.449229210271099
2.7862243312443837
9.529463109359796
11.864012951750894
14.67789194445821
