96.17331738389927
18.357075987125597
61.393781964771165
15.063798192499164
10.408060852640787
17.478521130786476
35.92227310433199
38.895192696460214
29.108574878203356
36.97702235494425
21.16196355841494
42.80986405459333
12.393376107777371
16.084239578681917
6.288267109930317
7.667040258043656
11.235343135347009
9.255878100548259
25.96860298199988
48.433831017967265
40.20154831372909
564.519494395667
5.923672237623663
9.773221534764119
6.876861787521264
4.661054874140845
8.982306331658123
25.825884791492328
5.299278217006702
32.971215234364564
26.106911829690617
10.177445514504498
12.983122474422501
29.485260856922608
364.5697672115652
