14.77139409077354
0.9338747803959251
71.63046736121368
59.0954679649078
35.15735381920466
29.58616835528295
8.91011275736048
33.956291155864875
61.58273183390847
55.50340305594628
30.211012095207508
19.605331213390997
30.987780550599737
1.7174823728090018
28.201021700189074
23.922950813288452
16.320544955131794
23.223165606115415
14.49063402506782
28.996639208547265
27.57886697452078
58.05083259991652
378.48566929418894
47.46063636462377
53.27367686022072
24.213976876563777
21.433971129041026
22.0540903593498
15.004490353572322
25.298678262514116
15.340204619391898
18.899770770163272
262.75335873218745
33.734865035575694
14.70903185032347
11.016776820184035
14.094814179923404
21.91035355579153
8.17835908393927
29.720799395371102
2.1392015615241036
30.940288987258967
50.221393471655816
39.35990196504174
38.36954599721433
24.50610303290354
14.340697543074484
5.987196702512463
