14.882342346141883
60.478337504813084
87.9275331168916
36.58179909400661
281.1553254612844
297.11947121081374
2.9795529311771816
19.337203275865264
12.519371254694036
23.008014171786343
38.837350745440446
15.784941522301722
20.70099885012914
21.01942985204991
10.109413954632998
13.418332676976448
32.82348879461132
72.27438030705494
26.331343276214483
62.651538173988484
9.543721496662101
31.354766765151112
71.93495510450859
2.2844066329111143
5.460585091946385
19.483019260273508
15.085604449075248
76.44571332928221
38.71328632139837
21.78321824484192
57.75566410674574
59.72477267804341
33.63160276760016
24.46186704034743
12.490897595725713
13.419355010638967
31.1730012678932
1.371606294554951
12.546914946114583
23.499384097410697
3.2393015151780844
