39.537286099263525
88.53835201467722
26.748387984932464
8.104290815567737
32.61904610752106
26.924402125328896
26.15589182179329
11.81575884792315
31.319056835825066
18.07881346959917
13.91990713082221
10.010114057723882
52.333204214079274
11.764903448490571
61.406596117648334
20.844757192195686
23.75219808345588
32.76405693388307
16.566402981779262
12.250026978947815
24.676579636700424
245.99255079550076
52.917900293466445
11.701319270332391
26.332159559707847
4.728502028294287
12.752955722851908
4.837631756792746
20.35408992334534
24.929045855494508
7.237374982501379
32.72918139488017
7.879424901193545
18.078454313134984
11.619632149925607
15.195871029145962
54.935603539019795
44.007779623167764
19.752004882981467
7.4039607405003665
264.28429308955447
0.0
3.6231417203932637
34.26104252386345
17.925828485552685
29.941791664072284
3.8839040053915994
14.25056904071269
19.44581517376251
19.628416326006388
20.908819596919002
46.14674962305577
50.86348254999385
6.650235253450248
12.132528065492693
12.37795804334803
21.71556373504076
10.106455094595532
17.747026811804133
26.430202724310774
23.59473434875885
79.60789733369523
33.46682104261217
6.585108898210038
23.991406617604653
21.063937753929167
18.921079148543868
322.24824041548237
59.823812283313686
48.7049208780622
5.893611563559304
6.474712159660811
19.96862040795247
30.653102811156174
30.180921871307206
5.057268307147794
13.190976584284627
39.931211274110254
31.79001107177868
9.250390679103177
16.516615086399412
0.0
17.706338492822454
7.902344156154896
11.107309414572413
11.162088566229258
6.48100270943732
15.589797064335059
9.417128396329446
14.774858012685854
5.970396756477641
8.241765112604725
4.0367913001343965
21.716927237431065
6.701796873158173
2.822109990412315
19.581514890350633
8.785803498501664
27.798793275038093
56.31315329619656
25.389956938574713
8.424867829729237
7.468582126031009
11.776387731164348
3.9352039790484525
11.24695209427432
6.771560689392075
27.25708316704616
10.832432866317177
8.26112676798239
13.297611060857932
17.783451016148092
10.035228681202895
27.42693214501307
25.30056361609357
18.147671473051716
6.298543303410824
8.171710330344709
5.044907060881542
11.901826902875229
10.418560665665524
6.864377026051756
9.20550368001176
31.12798775517416
41.23483280853904
35.252155630185456
6.319269443388663
7.597312895962361
22.313006882623895
3.621492939151068
4.634435727777358
8.166285249371981
27.34702633746099
37.51470618763227
22.3075529117459
11.655714668260444
11.139407611671999
17.748394056720514
8.14727214789609
12.360644755735706
5.673808042961568
24.492711739800328
6.8582718626883405
63.71629233004262
27.136683527221663
16.824580136254127
22.910984394169915
18.659144309154883
17.15041651886773
8.704226614058115
15.416167502914547
5.550558714062447
16.248799947122578
11.571272949791535
10.462053674380329
