11.640387933880547
37.67926125873116
76.16233240994454
59.30081059174681
23.580690631086412
9.100265022832474
65.9825793393905
28.531984351262125
6.0994772894269715
6.057368451009083
40.00038218054337
33.79138115135868
11.300475866833239
40.93482480977974
7.784908002509766
12.132059607142935
5.243779688218595
5.377428195596821
22.580125045652764
28.128749329752225
28.68583924558186
18.027969092892846
48.53045690444864
28.527966817770192
11.636992903922675
19.653757710399944
4.661040821694613
8.311823716385533
15.70127763942287
58.38355959596633
5.239469976117107
50.20436704025673
59.32842403480802
37.41514246908777
38.64351543523139
8.485564443915962
39.586473486418356
7.3116339724886785
5.923598890214606
39.41855920892381
13.016904020627734
29.208634435016236
18.25202998729233
17.658293602024955
4.30740449382256
27.72309457364277
11.190175917395337
15.693160700486288
8.296248408275204
20.866670436994312
20.59174454920739
21.8701907750077
51.46125253689394
23.966716930260816
5.316823529770161
3.5183355046054174
18.180240962895056
10.186213336471667
27.31740055697584
17.660850951954203
41.21812499376718
14.350660563199483
29.41274119904668
20.080786661699364
30.401507413001752
3.0578727913351713
22.7849894283692
6.472327884927793
0.9481732188137926
