26.03115110511976
6.170652713171421
21.842353936750442
41.13028834889222
21.407386438966427
32.032931391610106
34.96547726672878
32.73077943657822
15.432360276700336
20.38703363156506
11.997209635250826
23.588092893508957
20.00957419967756
37.685892892911184
15.27581898628064
4.8233409458756
226.7716740685656
18.741290581485444
17.679333993390358
14.910538033507379
30.229107668739672
269.9143764277466
7.136873383242872
12.998504177016883
15.409202595009518
5.607376830457284
12.546986966408667
13.906611243196537
22.907383441932666
1.3462419916876769
253.35299529048618
13.673657408916398
9.310147960186384
17.307677351273142
13.970789288935407
29.515001962837445
2.28690881127595
4.187308150389228
7.971070421563468
19.47064712850937
6.6155536371109065
7.247977085884415
265.4938073166216
57.25656470164236
61.724268701751996
13.544565111601486
9.347522276495809
8.091794452847921
33.99553599256768
20.97337042259136
22.762741591299957
21.80212282517985
54.80694878603015
32.07035030524435
13.406071847175326
2.370567894120981
27.419347963313342
30.61053363783877
1.7080918537156862
12.028560729839171
18.551282527430217
34.316980128726584
21.838840727557027
12.919313286362836
0.0
12.762812134367664
3.179925329833452
30.213540608141287
3.9782198531781177
27.9590073694645
37.34903532463646
19.36018978539009
49.81134063505837
7.528894113023711
16.957853270315198
184.9933149368586
56.24805141407043
9.093812153708143
27.57308164500195
24.467795528147832
28.549055602108695
10.37596267690823
7.656115130047866
7.2933557007960275
0.0
