86.69910656960644
68.39133764354439
24.301931182393062
76.78475854556578
41.17733536430342
42.9382924873846
13.75497073521771
53.17583065767994
19.555207819623163
15.641089372732864
29.787680882718504
13.868703566790572
19.299159568069115
36.24053024647682
24.811111927440635
25.63015599289308
2.4456337001977033
6.732660715848567
29.450920023957607
32.73942364255247
63.64931832591614
86.56445050934728
11.774605636226795
24.079298622757463
56.87251033064007
39.577938753094784
9.864101038416024
4.157405246395967
5.117910780869096
6.694444462779188
