39.52255948512351
41.26170821308075
11.067218281865763
6.684251338096146
14.858186296365162
26.521275290322194
45.99610167821285
16.632980785462834
47.767374371614636
62.48680574213891
12.63667607064366
57.30171768668015
11.675946358441095
495.54878642067456
15.337269198877209
9.672057822395772
16.516990573515855
11.758161104219184
7.511620451721299
5.27917547476352
17.692753818204466
25.920306413518304
10.500103904010075
29.826111437427343
227.23450735385546
27.86643240647288
14.704459601465018
1.8362566670516998
27.67022016252443
17.131093041292587
15.63652514147715
31.608527074638346
24.81185749180048
28.452495921320534
11.631403176073704
14.800079576097673
41.841663860155535
28.164974395300945
8.92147984993042
7.579195159085529
5.425499405428809
2.81663925028424
13.676869062582526
13.3091829641846
20.112261610455647
22.395058989221127
9.049721676692599
7.806842612006008
6.892922662521755
232.65791051664553
68.11198950652734
13.318218720906714
28.462247653945155
34.579573843307244
25.40244806391094
5.733695019342562
1.738373096425505
5.056200340650676
18.248020669545028
5.286355353431148
3.7195870670385034
4.891464222812644
8.556379771177092
7.896837950911575
25.1921736584019
44.40976321642502
24.285022229316127
11.301425210845792
25.119229146382807
1.6248987181260048
41.98437824061163
42.94717768725917
17.20120759930441
8.407151060402484
9.73557520438628
10.64682867927317
32.9511419637295
12.65149862771213
10.60113754506321
4.989036350819319
