9.37114865009454
68.11074261444708
24.18949881607486
29.02698574064776
11.529017808296643
5.149903687663482
29.999641471691177
27.07801132719213
32.39754806466834
11.250169750294702
20.91591131889689
26.201104369367997
15.508347869582522
32.647946843697326
29.41905450164481
7.069578563973906
17.952146061546472
34.01142964399618
35.495460078612496
9.875497894356783
0.0
9.378859325272273
14.248029662510348
8.842777076074626
6.587792331165687
15.708162431375456
13.598418350602941
31.300386925839533
20.472773771178353
24.36876406374101
27.651816386336407
17.39746611889683
10.901946522195118
5.39341806791748
38.97270556086666
17.71772124140277
1.9100237730664986
32.4560041943524
13.638856552826553
49.24184257107868
0.9009064502718616
13.546097805307312
8.017837344836437
25.800996664016452
39.32687907522552
15.399334597566565
21.074019511030926
16.42058867713395
47.51905234882581
18.686860612719812
24.58338178744917
15.981709587074647
14.41005539445483
25.73604723079673
20.04954943131976
9.046494967834974
11.238232489417683
23.069800887312013
15.259104523291555
17.533329244875503
13.06908852303333
16.74354945836636
1.5794528735891191
10.061731674641138
18.154628958720153
5.5715551363313836
13.746563519770646
26.87462309201912
27.099653251367158
7.423479445713795
16.3865683251785
29.879583802225497
25.184973441979594
8.362264508679786
0.0
