114.0874224916641
98.18560406378957
47.4835192262
72.81610804088848
55.67260884173747
1.8941384829990113
10.598614321270205
22.161719382623943
96.3242049845929
57.48328200850628
13.238456873735913
179.2130239783126
15.332099437320451
35.30414639409469
22.26035308116093
15.22441723482423
15.505367273028625
100.07545738434764
12.720100216682937
62.640889299032764
33.283402449579924
3.469470312815716
10.203801719373118
28.311075990046007
14.30925706873127
4.839065353549529
6.331329767820662
41.96760274788137
64.10968454478504
8.034367925140629
40.84864967276553
36.64591013262094
18.85264263561733
14.656792317468074
5.93390072217845
