33.233300892113675
22.344115048895134
39.58416164986376
11.713346051158311
34.75503491930439
12.098669271682496
362.0565120800774
16.491632425701866
47.57491034160549
16.064049644151737
21.436573202844272
11.149695547292836
2.503118941917819
9.250601164761918
16.987058810010552
24.185428984170585
12.807346840646034
51.44931622503829
40.67591158230405
18.09327790854455
19.057230570399923
27.556329177078723
22.69951401261234
32.3226018714999
14.820845536308667
13.65259291606732
7.996883527830008
35.065270222216256
26.863349458101993
