13.994706566388146
12.4106719444206
31.382726482341482
18.78862372709736
27.04047034440444
13.042926989681519
22.413555796138965
18.07535395326083
26.554912450369713
22.69299120158088
12.803943308032004
10.05847590110642
13.869243379255536
10.71235130176376
21.164885153599215
13.981638623417155
23.810756761155744
13.39781345074364
14.055427828396972
8.94378660578947
11.938853691226527
24.944131234338613
12.066237700554339
51.92343246921972
3.1896348369416074
22.658618869236477
21.025791657264435
8.71445336429889
21.7769007435447
7.457267402544829
34.393000049817786
44.03454678135931
26.657983205662802
26.92815776156074
39.13083728730916
22.355514551519093
15.328355447530015
6.404815634114826
19.170649300966176
5.842832933168353
8.095687588843575
44.784799487051146
25.332368620931007
19.742760762891393
11.937205856976504
7.5395038335710325
11.925097781266828
13.817928222741429
15.270486818826242
25.260628803581966
12.220903221835727
292.67199298233106
31.148663635875835
32.57899798125868
19.328705659637563
14.511134523814377
8.352502476555856
7.3593171331793314
8.150479059320787
5.7608213542545315
0.5110030195885003
2.136357641737149
3.660353043191975
12.85211061540653
