11.847059639106845
40.931371529620975
63.408990427993174
79.3525642903885
67.22240233257459
35.473419276167846
27.476787194963748
5.212873537965081
16.23726396235486
64.0387476645453
36.191629782174644
22.43643133970022
18.6070037641572
9.571014247670078
38.52319727664491
20.1778862987224
32.424848213256524
0.22375546013191183
27.93450804697079
37.672662861578615
21.674824892039368
62.86629283023599
4.369394530456205
6.045848863531461
22.823824964840952
16.428884257461405
29.080635150656505
6.522948523930268
33.675805438993564
10.64954320883389
26.01452277050892
35.75558720024644
17.749936225958308
334.99178860746787
13.463087369636085
26.963602321141252
10.516288922648172
16.60656347081806
4.0530060164711585
25.446809695451336
39.98895598927675
7.190407035250956
17.278167410206038
32.936617288478445
11.941005275866402
26.867692831185536
7.673730045777461
