15.84409290967615
41.13363217301139
36.1036698334639
5.898582055419723
14.799199643633003
15.298049148153183
6.505901926728768
35.229749937363295
22.314920123148084
10.469627437252797
17.993564799395998
37.19134505928855
49.057791578886764
45.82608248328049
21.190185165415315
50.68771695195245
18.397564713454273
47.95459705360642
3.198256473675258
23.738498253170135
2.372165643950723
20.675011837609063
52.26920201151715
24.566395046877645
21.902001291398832
20.13549095073826
5.629810695630894
15.771431849027465
7.344989481972533
