75.37793200612013
38.05217854992779
27.18325483330898
41.04229349647039
0.21831101943742226
7.18198825911027
27.89326494292297
16.234755810703575
7.728343245478982
20.61206431564304
10.164297514691512
34.73625237714262
9.441713931591437
14.486028658810795
29.82409783186175
19.14130060641638
5.522427945276405
15.846165276920104
27.957211233530828
20.208143400826174
426.3221952836643
29.884561176268917
21.4537334134034
16.36242136991993
5.65250288579189
19.443670878405314
1.8959285317836105
20.7317009771415
15.769630600902076
21.784945090946948
9.065785955525655
15.10981509773491
55.609073246294955
19.123507830743463
11.166860746663389
19.582991319045206
15.309441531736923
6.042766398072047
18.871388924017907
2.147727954224294
3.8003145460162386
3.7199932048645508
13.14135246643687
27.126409686061578
10.911327347973213
47.243237034938105
21.41845262314122
8.453196685584373
26.944112905963678
40.970693611968954
11.20766259574691
10.491931373247652
13.762957031747376
26.651459772183486
6.065930475826718
23.786587117601826
2.588925089952369
2.161589559363179
7.11046243531861
10.150620122641186
26.83184200061865
27.926696713777517
9.915677945308886
5.916886944730891
1.9080551154621475
11.802962178358044
7.347803160083856
347.8783212483436
4.503124179499821
23.979443243453616
9.8953974570546
2.9118493832166763
12.50040157608123
5.818250821630414
0.5574674526645396
6.53208960811979
13.045551041148698
21.73217424482219
23.209536662499403
8.164052020323282
