109.47092531637664
62.07789403061375
41.75756024289646
19.14503552426511
206.58742928419105
59.7138149545754
31.356704542725822
10.437690316883703
9.592960430683931
33.10808712065379
22.450519453032825
11.911807712068821
4.816628688637508
34.44906794830955
36.98596892895017
22.245889756307648
6.086934114792939
4.039631876720236
10.193574882026383
18.623048127240835
28.734261800041253
4.97074024809541
52.88687073037784
11.470905286997365
30.159169622107754
40.359995562115714
13.89533266539813
20.297208163842924
59.6254866253484
54.53744173679995
52.75394766249764
27.791292442213262
32.95647761384048
22.383276076376873
17.03877919212195
12.448366887412647
41.91117509488521
7.940293518455931
2.401574755595263
6.58345137836757
331.72660541407924
8.528049488912359
8.332503599907554
43.9035326350097
39.251734820989995
42.292829256447334
8.271244986159076
34.192827418265125
24.0960844817469
263.5023435327527
4.949307257920125
42.061154304490216
23.93291249296786
19.865452499858236
15.084099797807198
321.8687248241323
40.6495282331844
20.63210773120845
31.640451608665757
47.5945198362877
33.841308141136494
26.488877807414553
16.38168135333035
18.36461983766806
22.105645708918118
