80.33402424699038
6.771439864007618
9.726190579293672
11.785416502458062
11.772045011284675
18.656958152252344
11.832746880775304
34.370673895256715
264.8136482678745
28.169630661657777
505.77512931729717
13.394606698336574
26.736520403724697
30.308119569906566
11.303166979244438
10.7717844680907
8.170435470920381
47.37624105583548
37.8952898493272
16.780835659598736
457.6946692250412
20.64066085526244
8.204260410662528
11.722336274093252
8.473435614393395
15.029428562486501
3.594602465920673
10.471813950658756
10.642896340085798
31.680502018686056
43.321975298692564
42.21598727258856
11.675560499913985
14.675200435801159
5.059579849505084
22.483396144721297
6.359424397180717
7.413187906574919
22.028223909065346
7.960442656152495
6.44522104998434
5.043967723041547
10.7402511140387
5.298738393717002
