32.59781944020982
14.090543106357273
66.7951824504836
47.90312721227187
52.159200676476416
31.572891748715776
4.476690678346898
15.117657498539202
4.543561568690706
41.137859246458476
35.90940785704831
27.268549229868455
37.144759472566264
13.229397184826155
46.820532911869094
3.6540647649037794
22.414869413102792
55.106561496575466
53.69155978051404
48.64414245015101
31.570920590593403
30.90690495710247
232.5099976473249
24.466849519527273
15.63492321680502
34.85953336964626
28.82546621067705
28.434477709982744
34.08013996044228
9.503098173211669
13.158787476732982
14.330431559573384
34.90331172067985
84.45348168379354
29.840794456745073
42.757820696007585
21.656612116795344
24.637905116917977
36.80815042015925
31.24501555149375
5.86543163860776
18.890753185276026
6.357453146873411
20.43478678224514
15.198336016096746
17.385256746541174
7.57966045240174
49.33234135057964
44.13688613692602
23.43682606939521
31.149508485506217
23.995087610338928
32.59509310905011
27.762013987931624
17.90529822681394
27.443618095546725
37.93886994057101
2.2354639317297114
19.55234998310452
9.004494397449548
1.2853144368212668
