80.65279902974274
94.14194365903529
33.65064829095138
25.21101953337285
53.76845855075831
28.09654536103102
6.052209426629588
9.794054970695413
23.174280624812013
20.085022007280983
20.652234848438667
34.293640822556284
14.352194799640444
15.967218356998941
35.72533085976535
43.65743092898927
61.993661105256024
6.808697112406051
11.884204336604029
50.10472078658469
28.810718870870033
41.73753099248006
11.905304165796466
26.088621525651916
23.615655034567965
62.705570685465844
27.09981168652763
65.82505661800886
33.35235803908316
23.430445678718087
124.98283467169482
7.998915731252126
106.19545544248038
90.03498549054282
27.167530036440255
82.5519175261431
31.68580494797567
101.25891895416461
17.514695248099798
16.676455066040646
14.58850438694789
33.098918018366334
38.190663593480934
34.46690954652016
72.94820777144969
25.916839838959547
5.066125413927125
30.79232207965927
38.37522901032878
23.104205455019482
37.681027699025464
50.247121137649174
11.488335420740228
11.96795946347099
17.363288744678727
106.16229975467016
23.940608658240393
28.191580543573536
14.22364584588557
6.085290211318778
14.122848167979683
17.142543014450112
5.6691932349958165
22.060225847589194
15.763159452840824
2.845496387228394
15.301108048872734
21.366650340191313
24.026648550645618
26.850572138186095
463.10436022967866
