57.86006972728839
49.155882930254336
18.25018757731712
30.954591556776464
6.093312057035547
27.882392189282257
9.092857804818976
2.0173973664000187
27.03498691992594
49.291953667088535
6.795879714391788
19.67992356563674
36.92794129509211
20.184856191353703
33.87109755258594
28.50504566810855
38.06676932165087
55.68399350052489
24.538698930247136
7.216512297490709
14.626392697755477
15.50942225159136
14.88266482049336
23.047890324627957
30.316606033222655
10.214426547044354
4.22060345598689
13.601527595782414
81.9536137260067
36.08187159032161
0.0
78.49659328286445
74.09075103562577
22.454392764151436
70.78677699875074
6.90048908716912
33.17737811245287
17.63678052946065
72.08104746142497
14.119476236111993
10.494876210225172
45.13402651741772
9.975478677254728
39.494925756651725
26.185947384158908
18.1189190890762
15.643204498995829
97.98673899764202
44.64018982878865
41.8678592324282
10.53379219975605
28.077454150111663
25.124433329913046
26.255307484826147
45.50955246661968
7.985550852157715
18.509403007448583
14.315741016390461
34.98771886012699
33.8110400954027
11.636943191804448
26.994386884085202
24.334242375841256
20.707389132916617
21.23696556368583
22.749763341429656
8.308589454462279
20.682150788233727
7.780290859919788
41.64785697770344
40.13096191478833
14.335609073513922
28.56826469622179
12.077243063945716
385.9338956818296
