12.184626052940857
39.25983910528012
37.42534187358797
27.051074589600347
31.73366882023862
20.003323605162237
28.989559234442822
20.21101712414854
11.775426167590638
276.8489331856348
4.709572819769534
18.223597624684984
46.684220796245015
11.764721142189245
72.55602175655214
21.291897077026093
30.90443494217044
8.419065310607195
22.697304350019635
20.742594812532047
10.788463397330247
11.545970650999138
16.24758667518425
23.4818988149664
12.256188095624253
11.297229556532741
17.8184020176017
14.8768043225041
21.50475595978162
35.69841689729955
8.473432754869407
20.56763213126986
12.96345880133272
17.830029366449708
10.24468885520919
10.401391327525872
28.697186705360195
1.6478048939218581
8.557379940614155
4.291939020663804
48.11832757908955
19.630030388196616
18.916193701529807
25.93645006944608
3.857123607233021
25.553616406956195
15.326391868291893
6.486731255551504
9.442740427303903
34.90609707956733
14.318218917673448
9.4373246521167
