33.922485238185544
38.45909254070034
362.7766555088186
39.10660823733333
24.72180515475489
52.41212819150469
18.273956243177423
23.721797783027313
20.573813381567675
43.79232534094554
268.081146354113
72.36612845461288
26.30039042552397
97.65290058692469
24.992699458545886
70.88038033796914
52.414604323377034
12.599848220080588
36.36826723966618
60.58285094776113
39.855816002226874
16.827315701599417
15.366976523989834
33.45627666075697
48.97411055105189
34.40109914515568
40.89483753224259
33.24842292326086
10.219386900964537
304.5127424782595
12.595917612694535
22.903209424411415
