211.19422256418358
78.56779076612784
23.85267122683385
18.72793418826737
22.08860030062239
25.735629850785614
137.15236742681208
13.19453343378052
68.81673163455547
5.082499209380259
59.96970120164268
62.98540445836565
66.30209462597004
16.047808704277188
4.172460520305307
1.8932465116568693
24.166468720247224
1.7825351799569376
18.534793441447846
53.80331218305183
12.147561506387987
38.73728544076471
16.24371601163014
46.67706355589945
0.0
30.954236034034807
6.921064610136867
28.140254541712395
17.645123024812193
