137.33444482942366
47.997436843130146
45.68711269898881
16.080000982797856
289.00027034840025
82.30702498062368
88.12508919619462
74.85273581436762
39.63250689496385
15.393176538800475
31.007153978903034
13.185253202111497
7.6648581863175735
34.50354238539235
67.97614380281328
19.061351390747603
11.726394616939174
15.048226649324505
46.05562883614087
19.54584228585705
19.481052958677395
37.611083006139935
30.210903947581897
34.53720357717202
6.376530699368857
62.654380986930306
4.797472999732221
30.24815902356478
63.856748046044984
16.513307036079226
32.127441006610326
65.48721752501052
63.33706634471173
7.519808974878188
