29.21098736044702
44.644624723345615
25.81887443481716
18.034548631755968
25.180618160350974
33.04118859649846
7.1235038890789895
20.715755400818225
5.74134916431349
16.105206949429885
13.570526046802698
348.9383899811291
16.206325306640537
5.3391253830192085
15.273634154882473
13.03109036351806
4.436131133655607
3.0610352328055797
307.8695534352753
390.66069804629376
17.524158089058105
16.067783835124672
5.010451193860263
12.576612953743663
17.00446981686227
12.742163484009012
11.906801661051688
16.889182505954025
14.978281208475522
10.06511055908183
16.246211909508588
35.49962777716587
18.482159543519018
2.172263132763888
4.918438969832536
18.0836140832818
8.603651524931436
7.518862194601695
26.41597205185522
23.900513113340295
20.652045433926006
11.688826763729125
16.596453476987307
5.14647232217871
46.52358967242428
3.1268657605410226
293.89016678101177
15.353054415144783
9.207477838408195
4.198539992652755
18.036587472122434
14.28057685784269
21.61447693964216
7.787836575941242
3.8690290112806167
37.585863019641224
3.7051140881229685
8.477647648685291
8.061065576181264
29.706301273645252
0.591366823843984
361.4745273624007
19.04674322707639
4.25274430307401
21.113215437730986
7.4465293877563425
8.665915130544008
316.25404790817964
20.19956373211039
13.21783259295401
6.645689704693169
10.675672572893731
5.074882655149864
