28.177776336190732
61.27849795739476
13.758532911979017
55.138810222180126
64.64091462065944
30.842191158578572
10.56591579080586
42.22473971576245
72.33938814131093
11.377370992977689
43.72582100716923
9.837996130501153
6.865322387387323
14.573121242597693
9.647143484408673
359.7679126889019
7.829015548966481
16.52207292950635
21.32346730767256
40.386106614623316
51.712526033211475
62.24045412960814
44.107251765671904
45.77447735308397
3.240556976544241
10.279936388738918
8.49480968472551
3.1571126017022806
9.094979301255407
20.268345609332982
8.316476563671344
19.07583714560134
22.747321174488903
46.92808711537198
27.88114329115399
3.637611244048202
21.974956977376834
6.547961954315227
10.588420902408302
13.114359172850442
10.478110528239327
30.610393292948686
