12.81585733041112
72.40917049256169
17.036638608664333
112.2197427845768
38.061481934700055
283.1304105620298
63.69654888952785
31.032366756102817
32.55189506670851
18.782776906734952
2.552854997149865
11.826289343608806
16.94905387675111
43.62502285370647
44.776425312747406
40.45624893260121
7.023675180992868
6.831243579769691
21.31391645763682
17.397950734896554
18.638728907813302
13.427248908903422
17.40695328559009
47.67285047950517
13.784934593677747
14.045680698472182
33.808177367164944
25.383614041526116
17.923228885742276
4.4598060667781425
19.640992080468024
5.686613949572461
4.746219911787904
16.73193730168012
21.826129249977555
4.681354455722129
30.554598361361045
11.068101156979552
10.663317017204847
29.178495196894332
12.513121477655275
16.152467961379884
8.637384827029493
17.811451895550817
19.144336710632814
23.29313460629139
576.5687569498298
113.13832101846715
22.9542561502427
5.460619193733606
16.62046256871767
20.241488356245398
16.32536034102337
13.703139794058856
