71.87676120064246
4.610990502444082
39.2169620398203
4.815125699989451
14.770615890190271
45.665905005955594
52.7794705872664
19.795868391864232
28.612627493970038
19.853593858118785
0.0
6.464201246748772
3.763647813137055
12.644754852232651
7.515369831580671
51.80348498251192
74.5885640862345
19.345803117593675
25.712277428713477
3.3629606483005148
38.909432940479775
17.220372736737815
50.447102084571895
33.867183263461726
16.056803728166344
13.396214558402875
57.46960141704693
22.741677064040857
11.877405853788702
49.22163165373655
13.825088900213615
25.23024849398344
22.6723296847738
28.876146443527645
8.428940377610772
11.252999107210258
4.81045396394174
17.808776638751283
20.420489775177444
11.164128799663047
15.821159739387952
34.54935142524205
37.227754422402555
12.008618109381956
15.878773480325052
28.441463113556054
10.423069020595534
17.81611890608903
23.477727442094718
12.297472363667907
24.78821040627119
11.692810389282513
32.966589099275296
20.417549218220003
16.157079074350065
327.819437031982
6.680963254339147
10.53976403328869
12.922098917993921
32.258486519764716
15.965622755566088
35.63729772468835
9.614461189353705
5.541704654540851
24.667731103527487
9.142030054872947
32.179543028046055
6.944983887831938
29.08680994157882
27.344679047960042
39.208707133645845
21.953137206211167
21.51586141163571
26.07794633367493
5.579365953448061
2.2057700786201337
21.227726309658053
14.758691691910855
10.085409172947237
56.58099132600586
23.11174058138363
12.251163315878145
13.531011239842968
321.43633826805524
25.678476072614004
34.08058311093882
43.03608793636944
23.999672738164378
4.5053983993491045
133.54574711692283
58.46421515006226
7.761061155557741
29.00951976559776
16.377440963139435
18.053763395209486
6.398885547804426
4.644561274625161
29.121430794570486
19.75996745561018
4.894948127102339
20.815044454439644
7.988822575611508
28.916135740065513
32.46035282195342
23.848254311237056
14.129326901399992
20.957330449846737
14.805304045540566
25.528142049335273
11.376943102837188
5.043582209469022
