8.105514779968587
66.75732775270811
71.48000195263762
275.78806050492926
8.709648420395212
74.40551896427344
13.54117195512383
20.562833734890987
80.05826407062897
15.679930574586336
56.85156854442212
20.896179617288823
9.415396426463857
38.15496869908411
7.031280195463225
24.26923318617024
104.94143918156544
13.812963120611215
8.493632127637056
44.32834904449376
14.464286686353944
4.7883373108373775
17.221499001065894
24.074666800976445
46.98522509503732
10.177840866993208
37.941203737762905
28.54846083472448
51.52794350287968
3.9574845488683934
46.256123433485214
14.648155527154557
45.22656594398278
41.61242681886988
14.480037025340494
32.64388524425462
13.26374498430927
15.46053574647047
14.258787886929781
2.9162584450593556
22.77973759323423
24.774225152228652
7.391093424961468
13.000172593320642
6.637635808863749
15.467240552694548
23.02219022549872
7.6568053665233435
60.73166630058495
27.15560798196691
59.457367689025546
5.058293158669301
3.090825932591045
4.003530301609771
9.89911836312858
19.514846260595604
6.502895029844126
3.3414351725816545
33.786593242363
11.45134481635364
19.933617511701115
23.24894892705005
29.6931744081503
10.349707297248301
16.649110661929413
12.044130765965818
