52.793477763538476
78.56744158050006
25.72959452341496
3.728884813308838
116.59229814666548
39.36707603241183
7.957679836201137
18.01501059978206
18.26110327851832
23.602730996289026
28.081572994985436
82.75654920768022
55.34200962186941
6.691283675858813
21.502634789521977
6.587570005432553
4.096903182622441
1.0260448234058686
17.39660339613782
61.49879369245595
87.67784081200735
27.26196714669544
31.406372875313195
452.5989514001135
28.897120117808328
44.39973728169545
49.647394641493705
28.42827684094364
18.129262132808023
40.14633319173535
60.327378470740285
79.59493411565688
64.88899080233234
16.709339366293435
20.45996426309368
31.323444351752073
17.868399260066766
55.86108537472708
36.000457308442606
17.677215920542267
23.707937350963675
10.99456030188793
