53.82721966736797
81.44295026721983
18.34325641813888
20.518506037475873
30.302172623783974
21.379016585017382
8.272316185914534
47.00065424927325
11.401836823538503
9.467938228299005
42.44040620931224
25.913355807822
8.142815750529337
9.158755684303344
34.311443303236345
34.467954321872725
3.119032625609236
42.44192691541964
12.514082426835245
15.145390978273483
5.69348075429609
5.1403012686538005
19.885801768395055
9.5789482975227
12.118770047604386
15.423346535809017
17.589878909796113
34.048093120348085
33.47462060231766
12.405490444521831
8.552729747013615
10.227373939610203
9.41090588105169
42.23270093384329
32.88689225377189
33.33486038726866
12.371150516150806
19.772540607430287
9.376262210227196
11.27910403470797
30.66181950187314
3.5765547250932457
60.378753102415345
67.978291683783
16.957602974533415
38.75841732478443
26.929672182133686
4.9073715021397675
44.78358173823739
17.807243700271655
9.846968751205381
7.14545409672381
10.505741309007533
33.78812194004631
13.8198944964781
16.896403974571655
24.880157067838155
0.4283022050322387
12.02007780126587
11.035393191318533
445.4158502887545
32.66000893795771
34.86241929567416
16.98902251528682
57.39020417308558
15.616175613798205
12.887873101123049
10.19651974432142
43.343603032221196
24.954678617086216
45.479289763051355
2.2406771882720165
95.45985451175216
30.49907794401763
135.38926206334025
9.91713524285214
22.457820600086507
42.156995968987474
33.74481297163793
410.77756803424603
21.271855285290414
39.15695156219027
10.498708752516308
6.969988921733574
19.662955450738565
14.883101670876727
3.013446379289789
18.452637614507708
2.0860197670200904
22.806684211221977
32.48812573446283
7.942471069887631
23.862906433125772
2.070582400396205
54.162717425484004
20.088892810963912
41.86739028003298
31.586565467531685
12.301501388879188
16.63774285921623
15.43849406970098
25.091416453412066
27.99796353072928
13.200530879576775
9.568880307720946
7.3990546247834175
26.086541808870095
24.15902661205409
13.91364164070761
