43.350154779697704
17.548068863440022
43.668976544074
16.419587317496493
4.935546751056364
225.38150020399468
40.79927867679672
11.956771293296384
42.84337021884208
21.682407868568703
6.178959425735158
12.051236470977287
26.180722517130945
12.748362540518045
4.608700097244906
8.345323428845802
17.13394934430471
4.328562704431064
10.539896826096253
26.684063628076757
44.03416707095292
17.425950453751014
11.343098958928024
9.429632593586604
0.6973770202341285
5.8488614906761
11.060896109035085
17.5993942451734
45.97998425196246
32.23947153460975
26.386680693221706
22.689886392527242
15.438489397956275
14.256689040015672
10.777136689613428
26.770290749278615
25.709646758683647
16.595560274153982
18.237827662268458
19.805602124816218
11.719218343704384
36.0171804030885
22.391381323954363
6.96523274477704
15.528861690832386
15.631282377891026
7.60608317387684
21.59794366561279
20.706113963959297
17.386525246186892
3.0974567256288026
39.33087956352668
18.055760671878687
16.159298665618365
12.552408712140391
15.183438364934332
13.461358367682124
19.1977462394443
22.240374452363213
9.01223333308262
20.161556441891648
13.698855640397156
3.632884544317619
