33.680656468375034
39.03732891909654
2.960993393921072
38.94872270011204
11.228890381740996
2.832915942736662
7.838701027560248
11.557514339327668
21.791893299842727
5.821056882906959
41.96425192856927
3.6165224802391975
24.42204352075467
19.99994643943151
14.341108360913381
7.790709358008897
23.36344287773325
16.96206722936249
33.33311384459391
19.210059982395123
14.88596722016942
286.52919374828923
20.98247967066223
25.959930225069627
13.701463280966578
11.11443507551715
22.31443231050487
32.9399812001934
10.945965200456996
11.999622327439312
6.583005313972521
13.485258999735123
161.03026395662275
39.98612894160152
15.308931156466912
9.327133538544189
18.590909490632995
2.3289442894702574
8.312763412466978
34.80089076864
8.23908787059446
8.114317798077153
48.057485829385385
47.50312725285626
22.5986401811693
65.76642641477011
23.775571028966624
12.628986089312733
4.430439658407238
12.59193438351339
23.33986782116382
20.180550147874953
5.925035984139214
56.61212928692103
15.885655029485292
14.811052634636425
10.9394650953152
12.475608275610654
