1.6764720579727168
76.39515534325986
21.25242615270014
41.5760453800234
17.2225569101049
6.885983654675144
24.92593405644135
215.7185812579553
2.4592486037751513
14.305110082852906
42.86395053641249
51.0381000980783
18.33620497529664
4.225888890104088
29.937454869403368
33.159233155769115
61.898645348637686
16.45040959177939
12.046371577232378
8.131580800112701
9.901257195256662
65.79804509738078
13.732440628007353
21.45234347603804
15.433480734465832
14.305179189804633
2.1857062635766056
10.941669113850097
34.06662771362356
42.64470222457881
72.22444178739492
32.43902412611362
41.319523955595145
18.346926295590123
53.70069877405538
16.40281875946988
9.867736407845825
37.85681161480103
25.03307441517981
30.912158713702155
53.65568283549126
7.546356666905737
0.8468531519523594
3.028055454667495
6.956276569477865
13.274380699274062
12.8378184487579
13.661367270446306
23.343103149177466
16.849856970070533
