127.49741448257323
20.830809678810198
77.89247884263892
47.422238070459
16.572364975973244
90.03836739597384
3.955776739280026
87.97878070406321
5.0491027861607165
49.32325147007266
2.772943287846715
8.483985729529863
12.33529741229998
368.1048659680904
76.92121434455726
64.75330355538344
55.400897199105984
22.585686286537197
31.294239353124752
66.53766026284872
39.67798453121145
58.125933087012385
14.747552056611624
20.624430612365245
25.248502954605257
7.007524488194036
29.88001843568273
10.538904797374343
5.466630234010282
11.126244541062064
25.081934313689047
20.191290687129353
10.832820035540365
12.51256192925706
81.87281700630106
9.057870375994241
41.224474257847234
3.0761786177193358
24.99639405409306
7.809925661634978
12.49870921967721
2.478116271322804
26.473081467806097
11.822582840700463
0.4543519107050997
7.82893374555556
15.353406092642658
