32.87885641280698
77.75386959147443
70.10195224679023
49.417105576582216
52.340442365359266
14.094109122771016
77.95062306146116
37.6744101417581
41.046340050070825
28.170545127733973
41.71292425140241
14.240305056178542
30.273306698649407
246.17292859517
20.082545801629138
29.839979755907933
25.47989122755024
10.689068894698096
7.001195465231959
237.29870047241607
13.62510863779275
23.4083531371936
18.639797792693344
43.20479968190102
17.28156902481834
36.33338695146455
4.654507407271311
42.615895060805144
46.69105819113089
1.3156733605249116
