72.45183927818864
89.92364169852618
36.772077621171974
66.7840305303896
42.29850518301899
7.989857248514781
51.16416687221128
70.16269096151582
90.34826874703484
27.82589039693943
22.27425881362312
13.774323550891523
204.87451437322878
82.9778571396503
7.105885436022703
16.040897575158652
32.494157160178005
25.89546007409328
20.07052697419182
7.653578175367926
7.766358372130753
18.906135293608443
33.21912383828814
389.17188266565506
18.686744290762775
45.26609166188308
6.340973014950109
22.69530311611993
12.352360428837954
30.29786871939021
18.33233599784174
21.12944241274451
11.32017097220455
15.171436565930804
5.6709471255346955
0.5230209382735609
3.4017479263592065
83.7674393075881
54.09492536277014
8.269729568639036
54.578472123766915
29.71885048786305
36.44434146331618
50.31961720195574
12.895817627260527
43.442142848151406
36.16909327522333
14.02509820967579
87.10158081820228
34.63572956427376
1.6144476336509967
27.702011222187878
35.19607490316501
76.55565455329605
27.956373862401477
9.652092815364625
8.071783119167137
268.3813612190595
30.46954159796924
8.837993162844953
14.448729845988055
39.31833014082672
4.615437311582781
33.55262621924811
20.515603590413804
17.850626081794957
30.554549029360018
17.690646672850335
17.79934990257685
37.96543175869752
5.556046736938214
54.70847295633624
15.793265342279227
12.880252793700848
24.77698097090044
6.715638157796292
28.06588876934572
13.063818043654507
5.307239526978677
12.174139812482409
21.51094981175366
36.59791676150796
36.270386593729626
3.157504264061089
28.122610644196115
15.274501286166142
