4.808829773389746
30.809362922787784
7.592965500184079
44.24747765228139
37.41217896722202
7.579386307573344
1.808528253650863
15.228565260656453
8.61935347187044
57.174042777917265
62.91321721440846
63.89332620122424
7.991761586538743
56.77782497052743
30.360339472622982
21.49743730762451
5.464701983412979
33.44096452229631
8.90149733459927
26.252467728893507
12.798044056162922
21.376171508813542
57.01710070346576
28.913499851347183
0.47679228502045135
3.4298774374738628
15.135853979018393
24.26428122919404
32.61964958705413
354.6045012689735
17.82612265958349
51.109081161094124
20.871171760791697
104.49954259292404
8.996420909432999
10.595221567373258
8.364116358034451
10.950551942210396
465.5113655983557
