103.91152183083479
13.207314802451577
89.91438806058532
49.244521629707705
38.01187329422913
17.309615434057065
38.24761132078095
7.684402511687011
31.131917693845338
8.9136348846326
7.968179049241755
16.261709044380424
74.03458181277527
88.19767258043558
26.319419619071354
44.3367524369269
16.233738256817247
15.638904277939176
9.962665478295833
21.911982909635896
63.647448727846836
28.719784985900304
39.277924884448
144.13749058886282
53.80578029770686
40.970086327068614
20.33312447315214
19.073842767775375
17.365321645671116
40.52593247885015
31.45790310510509
6.525426371211154
13.246788763938312
18.504518772411103
10.77779475129013
11.943501159896073
