18.283614876832004
35.01254715005744
106.98276009587113
62.79474260083117
46.54333508860668
11.379114498895234
16.943107602932855
52.641743526241015
56.231525112147494
65.61134614912663
29.700917559027744
21.503929602280806
37.263268797154424
13.284446203100345
16.972541721014238
14.260780002228202
4.419880814866843
53.935959818586824
28.170695586892663
30.7612079320795
14.981823946380686
35.58466699260447
17.290433180781832
34.759765083991255
40.89821831357466
119.54671447978767
45.186542325498095
14.337134468607701
8.082821877592892
9.961197501230913
34.95929388285302
4.368892115037667
54.221242377134416
55.81470273053695
49.18381080374819
41.294599065913346
22.022302586491463
21.080835099658287
19.443486189349386
25.24597828567896
11.252566258992601
35.25523119120615
11.184866496538959
48.83249935920473
43.53700128560379
26.114080165179956
26.55478515957013
0.5738913731115929
27.078420778926812
8.265248371735055
13.405540644939151
16.547641071228455
2.2850787214453163
52.111003092411096
23.030300681378847
18.158476362367963
10.236821839637258
23.65255224098817
10.902923452835864
11.383063827144639
1.5393254224453727
31.865240868173146
6.787263761534689
13.282451894530737
1.8278084811358184
18.09361187120011
62.316618495114284
21.265521308918352
12.589906647076944
19.7933249536552
18.08126018840244
21.91165828640092
