3.0761326773065036
36.216271622757304
4.430507780222229
34.37402340916911
24.309501337568065
7.9274367803493675
15.779128732072365
27.366864946324824
239.71825465645134
39.78080571182582
64.8853247589939
11.478343979372482
25.218965417736058
20.14059154001147
28.646783069232157
9.237038972730645
4.115599077723431
8.31340990407567
18.9364581156443
32.76357227922618
12.197868123661209
10.736910577656559
33.69323832854543
39.407299473334916
15.28233854082022
13.561751731988494
25.845235476187526
256.13325051922783
13.5453466827108
6.988098763033435
52.918052910790635
40.71670598486803
52.375620169364225
10.152323026469645
33.845345758648094
56.617587890495
4.5047987908318845
45.65686047872744
16.272066720022252
16.744840184160523
12.24961011523628
39.291440754621334
38.514075573698335
18.14239624206978
5.820290339256275
276.1015825594227
37.5470869781319
29.96332769011508
15.779608825328125
7.301081332641573
12.596849126324742
42.02109646725671
47.14057217442202
10.319524287015554
0.3652600122474041
42.68287671944141
37.076999355648354
78.51754744987953
30.662916937694945
22.697891829756756
45.29823571625573
220.6316633950524
19.263662581522283
40.569355708602146
10.379001628543605
26.783758389262488
30.677384217055035
67.8839669836652
28.790347351587883
16.759677984524885
57.313404117383556
31.88543294599704
23.79779620043155
28.95468502992877
25.428130800743403
21.706615945440134
7.511171425930854
23.88484931689638
21.53743302410075
21.164333835533043
10.224513378349116
18.035226889226706
4.56416948215832
5.451542660414972
21.393124395277937
243.15155181152096
61.443076632241954
13.927768266202605
17.976563192466372
34.426867751019074
27.832331629407705
12.9957670752175
252.68295548305602
28.579318788059567
35.33454629081491
20.010685245993884
6.317757393015967
17.970655652596776
29.410411119490462
35.45629658773146
518.7049625431454
481.5382600047556
17.981386985455913
32.215336182798225
7.916750905152966
20.19416027603981
30.31516349318595
22.836057257698116
22.026973057790443
43.35243430526258
8.956485310541666
6.303624761405871
44.56984393458299
54.154689622575674
8.524464679028952
2.143071614345331
18.67368600260994
26.147874843418364
1.0166672246907353
21.438764707142894
12.574806045558944
7.908595343561643
13.647912143387074
22.00991762360414
16.57710343525376
17.528175324015706
12.764904506356956
14.948483847341862
28.61422373658172
18.794767977922803
16.59456578797824
44.7414531764484
39.71012199231379
8.304556267746136
333.82163348716335
36.54551331422074
18.143654350120016
40.98012970587155
40.98381873493928
11.608127385629999
9.764865966298672
7.487674124163206
21.198307022525583
441.98233709964416
12.048337555472372
10.790749002576305
30.77837398027725
11.438371451295922
18.53630680910186
26.852225366254984
20.35367691854941
12.218708352429132
30.55611379709893
21.355184986286986
43.109333081158724
251.70512266331593
38.309454594738824
31.774104084879156
56.58143617460139
28.081523997793568
212.10506603024322
25.397330278822395
6.698030153883238
16.74404189168368
30.080216942523364
29.30629482590801
30.111512147235032
14.676108970044282
22.039781993032065
19.767821763792597
18.23570663583503
6.471342872582241
16.490131547789588
31.675293690519354
18.425397592112688
11.610172521816295
10.366987329100823
18.593112783206095
10.973532891993514
19.09853751108473
17.503387608341782
18.461019995953365
10.783702297462455
14.900327897917379
11.115802199676025
1.9970627199699749
