0.14422527167172916
3.8553241724263216
63.98151389499898
324.21239057919564
11.288299118256688
16.755443896862346
39.69052693978219
15.393073521442858
364.99233060373166
1.1920792258375172
19.254548020773626
309.194340649746
16.82259832819331
3.4109804500555185
66.04236344217658
10.688728245372445
43.36949145929097
5.9668321081039295
21.158175026923814
21.06203145731085
263.0666360405938
10.762688372005783
42.609035525975074
17.150089317300313
29.507168453324624
2.267577331040556
10.554509696315634
7.270872958668221
3.87073558711991
243.2781719458156
30.714681063626642
49.29759784100585
34.41068919336354
51.246946015087275
49.42136021467397
14.159110126183862
8.005480927091568
15.92447947848379
21.833863506854726
7.828100805808944
13.633962234672751
17.495962747997183
423.04717891348594
43.91712670444382
10.34251949330337
21.62669970739185
34.8881291098122
5.034909217956397
245.47726781482774
20.237462650126403
27.149508196315466
40.083912481736476
11.18192795240438
29.980868350198477
66.26350733595801
35.34677956596259
18.29077949459642
510.50169108190255
18.489661955990755
22.677048339496224
16.620297761874397
15.958911687211625
11.73464460948179
1.9692830409992155
2.9500368406856694
32.569177552467494
37.787665566494695
14.038569538838004
14.363499466029651
47.783034800643875
24.805407093814154
4.974749975910214
21.06218839329202
28.67802613501631
352.971071016053
20.734886923447192
28.50422940294979
16.758466584154476
9.69034560874637
14.271902536647048
5.624252428680791
50.43116802985409
18.8528784093282
21.227113262479975
53.294955916212444
0.5328081192238869
76.42698294326827
6.936097898419092
22.985741787390992
31.78819044155084
15.799556858196041
11.97881810777092
389.8653106892255
34.04491710823139
45.629385682197025
64.79735622303545
30.471134369879408
32.67197319835593
15.218083416308986
326.3558386220799
2.9107727582978384
15.304056966925472
28.00045790077567
8.051878295704185
15.739767875142803
25.29071959189524
20.266148704387263
416.5545611279506
15.351553775014253
41.27142796739061
13.798450864950908
18.87093250950224
13.869695598511086
11.030892395282095
16.492441771742975
31.788990890735946
1.2411597022744019
7.429894569798222
6.991789631788691
19.577407716763418
21.166364734754396
11.983032908079537
19.87711587861972
13.788306964030639
8.404153599927525
17.67618987071073
2.8092000728665454
4.499884678830668
32.74188937784798
32.14155586572886
10.561935758931057
15.914502998977085
29.90826687372811
20.083933525363193
24.254578912367307
6.562350516253943
13.323351014034017
11.744234331120836
15.217231043408148
20.44418630846593
23.438623439375263
7.756213899576622
