11.432031643536448
51.734698646350594
16.273645586298954
3.435545771594917
3.2529214232204424
8.504338177682257
44.178365238586636
15.025726141702563
5.4853584586526125
1.7693603347338325
17.6919496036772
3.8148243140029763
4.375923934141795
11.024214906008197
7.633623384049386
12.211771055758575
7.6831195267705965
12.681792999137116
5.173071965906502
18.544076408673718
22.49543213429422
45.34131538767687
23.41478004262089
32.097579198721846
21.872860324217328
6.2116636610026035
29.70026012657266
16.27244588225605
26.589208328630278
19.914456442084102
19.21541437232132
8.045990903445272
40.124818022597964
2.04102569241482
495.0605722183595
4.341362245114453
9.000785321364916
