7.5171766398645445
43.597000778850926
36.13782066421099
38.28351038613357
28.490141915339535
74.96345330917481
25.155389284830548
60.77774983897298
10.36053223439535
8.43549099941609
4.596781282359842
4.5029788592765385
13.929594210104767
9.014642960433918
52.00425603061517
18.378174235182257
23.99943941611538
8.825344569025845
19.427780173112467
39.52571606928356
41.86114460494164
38.129487846217515
22.54255126469009
10.076411305464518
8.435390472423776
13.01521582426733
22.990431122799734
23.887703340230615
42.743012512337444
25.57911448298546
8.287008033660598
0.9140622286995637
1.1514799960945084
20.391806340647506
76.28709117818852
29.33326601741632
14.187737867121825
18.209294871714178
28.58197370690212
5.713222323559748
31.88079147501243
17.33255816543162
35.763072007455335
83.93918075413808
19.576875497762074
20.12044790473078
14.986792155441748
1.7915697807938926
14.449336471351899
11.15434889886211
9.3952089814032
