11.82515233232131
34.77094906703641
10.70987336610034
8.17864911354593
19.068010586303984
25.728252480697066
9.961339925996612
34.37296847307822
338.85615736489194
0.0
31.226843694012274
227.30697748114338
30.753696313862434
11.728992349209989
6.052277263059324
39.07565237606937
27.49385449580987
33.49987850778329
21.70704904440474
20.484730407313847
20.483985928812857
22.539696682174807
3.4063626244314094
13.4895996970548
13.630668582200116
303.73962386451484
15.389510080585367
26.94510359491906
36.930766443731
30.939370445414966
14.626633790103497
18.0382924335361
23.645908641223883
10.785650914097985
26.512530397964213
16.670723225825313
2.3921355414935164
14.948704732532292
273.0630103172129
28.958438876682337
23.879691423771035
0.0
