119.5931017601779
23.70318164507617
60.53155225231808
25.243178749641004
12.780030883070324
251.2499831295078
51.04645732779005
29.50158182160726
16.952765882269745
39.86643106290353
40.46295673518078
18.241790481704854
41.03688976624545
38.41607561056642
40.61159544679448
49.19388120048043
10.020549212372813
14.256391606137925
6.854056661364595
17.055530571025614
17.980419943350284
12.89662895065932
4.694455391186864
23.58527267093949
37.72793076906282
6.169850766023245
9.44307585957003
9.588070784951753
12.676482157910755
15.000415833198758
1.9343246445756392
44.53199393103749
50.255668413304605
37.92726689453619
30.70791236591552
9.565141019523779
30.568995664808185
5.914619069203852
21.975327095323436
17.674497786613543
19.24136919683704
35.77342259249289
46.69297632257857
13.57784616489836
28.63747972296848
23.29540051752977
7.3196336928583605
17.24583439413223
8.394461454419584
