87.74977628368296
39.15055015950725
78.31014152712007
0.34505855324030676
9.556981852977017
41.53115368018575
16.25272906999352
7.131394268064625
43.74052876063905
23.049481732113634
41.26067401561471
10.33729281368312
25.946787058504583
11.002080361118374
1.3290616715996322
6.50418663801797
27.846324263880575
267.85443188432913
7.109807144208418
52.15009138952033
64.29176248651875
70.62053059061694
34.98188729663836
23.71176584645444
5.56600622965172
17.430393892500774
15.152048939389829
66.23542192913399
39.56402565430896
30.64541361963245
27.665234428339062
34.430574470878966
4.155591627112173
17.2762834089459
40.85149636778182
37.12535851346367
27.940808222572542
37.71216552147432
284.7917848252583
15.570806814744756
11.000762028181086
10.077672485627389
19.260597798730927
7.864579995212651
1.224676439703245
35.677760625116505
