7.475912146661514
4.966570044167156
94.83191354984726
33.20956249972525
29.833932929714138
86.56044356986713
32.15663160630078
3.0280813645683793
25.2477274643651
24.25186797970997
17.219152979702557
14.720620847375073
18.757590912089213
13.853506712592477
37.68374130675559
42.1786704697473
21.184719541146933
36.61247137627382
14.536425399252124
430.9945019124161
25.107446008793858
52.26102621665629
22.609595574375263
31.65878377457014
94.49080624217515
69.91173298842486
27.424631748807812
7.542334120233846
37.38867002378436
30.57550766462944
10.431193107239238
2.7460219929591716
21.150531843639882
26.468967697346088
46.37234225281087
35.21596495078691
17.936719323801867
6.271679237268856
16.342588574171558
10.187558350767617
24.909586592970285
13.7937380928729
37.29788338132862
40.88109289211236
8.526058885759156
20.13624389052127
3.464484018530186
5.074006387769003
13.49247694504382
82.6555053273139
41.516721309386156
27.89020371272794
43.29881641921702
17.275645037079883
0.22185946850878224
14.897655811650367
17.48011515003678
21.8074948324103
51.09341654207448
30.783479816633218
19.55654343447698
12.890463290178971
63.02068113241779
5.388696875976393
63.12246330809481
