116.92443700805528
33.577847054875434
52.22757386125187
22.2691530622824
42.96500761801751
29.30700392484428
29.732184163533958
43.27787841781554
5.921159696641482
11.19293699283213
20.2171017988436
28.235940707974123
43.91592848553434
19.12010064108587
25.057155107711367
22.809167052295138
50.50866205236986
53.67525612506442
64.47185584608191
4.322614349695243
53.383084597699934
97.35651092289847
12.075310313722682
36.1916096535458
13.717539001150016
18.691074357445075
18.419426839458055
25.14355041787084
12.669926977772064
