67.84047442274888
37.24014974412631
41.770048332217556
16.163354693730952
6.998285856583749
11.766127851983953
14.169032158674511
30.7179422639675
7.970430500201488
5.7530005333492795
37.37091759838401
23.977191882394322
50.47124115850366
36.34837407812586
69.70282447071564
51.30353365652894
28.492444203434744
40.53448238686232
23.4217563471053
22.359207712350724
34.13176647785755
30.01158895377378
24.330554265429996
25.467002139756758
19.89771480146277
18.03143457372049
20.520891275942034
0.9262553822450599
287.8238974590303
58.84338884430245
12.244719808828762
39.97643009470403
26.734582122686277
0.1622782464263537
12.732443973406546
17.060999731220974
25.876331228345705
14.99658406121894
10.464193292948295
29.666170911294387
3.0485204903647087
12.790549672350181
25.50611248763161
