64.03047266985801
80.39683762680664
64.00630031539322
165.80777204884535
43.112722089679934
32.70052597315278
39.575530477958196
24.438839776922578
20.601699293036276
36.95929256306
12.040813861275922
3.886522854496718
12.331702425609237
9.906829622015366
11.900933306857738
31.94289876775872
98.58282429065224
18.761776116613675
32.33983257923492
22.149412749434077
4.784314092496302
12.317452883998044
14.74388514102867
8.579057668385332
17.073769134960145
1.6823188012810846
15.680471423808754
13.441599674378622
15.917013363604951
8.246150312033109
40.48137108156244
14.147501256377979
26.00168472452853
24.289067994763613
4.850434435070014
19.367787175776556
25.747770550959103
29.727940204840735
19.671964851660903
5.982723632088948
35.239282348196426
3.764401746116178
5.9462639088622495
14.81480194325141
16.9064135263029
24.63764616707357
5.5707960871372535
4.197192175401469
36.95588531832239
3.5628779194190656
5.609718324368643
22.79570510327312
10.320261270370096
0.0
2.427099710627644
8.171205638100304
43.75033014704097
40.46514253384713
46.83231770026357
252.85661253145
35.5751230826495
23.603414874467745
46.94474612776639
9.365599192284435
2.925363654995948
24.55283131765961
6.107881045572469
12.34579102920803
15.373804304131937
19.972791098676836
20.65025200603671
29.770189246537512
14.977369370776955
0.936297709064263
3.4783272774918714
20.35648407755569
15.961846955289232
9.689715097898073
15.981289700644524
1.4747661052308558
27.923822257275674
11.316561317253843
10.617789898190225
10.94234322048382
8.13728182265136
227.51863043855167
26.63369129496988
23.31829785489029
26.1353225122821
8.348480437071373
17.156242352701796
14.065664090030992
