95.91148391008781
41.16865084248295
223.96025868234935
9.250379339382462
7.540879969365903
16.6623106964104
20.442270142358808
10.064801485795783
30.323593008434585
348.9946385998812
22.888941255975794
31.973959820852116
16.010732095761
49.17170226992553
40.625710092338466
8.92438166368973
51.92236583259158
52.737185416701436
42.88466079497283
29.639977987592317
39.02925840636237
12.464213442079796
23.99332230389551
28.611044268808
11.43356225065358
46.705674971853696
22.30985752017814
48.02708418419027
59.420356712537796
49.325124695706805
14.38396550189816
37.01043104144284
23.733458802537754
27.01858952233964
9.44653661181583
5.326775886749658
