9.373119248343812
37.508539738666286
25.752247256339814
8.862904510140396
27.624222472652647
2.1012865326353563
35.432764265621
6.2379569327490145
43.27194992776381
30.84477321071803
48.5945834840995
46.807185627652146
5.521537911631086
15.741415575777125
17.832143212943166
16.59604672637556
16.029137442341096
26.749218115801867
3.1193055174046123
11.655314375266485
17.978334779730233
18.132216740082285
15.523830817417064
26.01755290865883
15.18486937405757
15.555237968920522
26.149894769171553
10.084489290978254
16.21340678311148
31.891757669350753
6.771805885935322
20.771066075848893
33.3708307915407
26.378607087740434
11.115991053755224
38.26406401209728
7.454923269001455
10.703818111855654
11.320654242043616
14.467991294840829
21.87840608079202
15.6369444212268
4.049136667889925
21.466188360100645
0.6575266654871683
25.12149030335756
28.562970713356236
17.158495129356183
10.454433316826126
3.431690625280993
23.004054595064446
33.24256094894595
13.009107022529193
19.962457921495385
15.673187733391288
37.13825756292566
11.213356572403498
34.67123607396974
8.946428513203145
13.966007456515541
15.084436920525249
14.730669747348301
3.3694045708178635
7.656208264130271
24.02126525503867
11.22070578336394
0.0
