45.1963274824047
43.6098594000176
13.158926141719576
12.717395935690448
8.615205886698163
7.778704009431834
12.606507862485344
20.71187317932376
18.894365121917446
386.06108289739325
16.614601373707416
7.371250340025256
8.584549296367655
20.57268905273432
8.431236082323636
16.968147869362568
10.957010687958103
27.32431015794036
42.151302911018774
7.213414710325125
30.82584615573407
5.82309291451547
6.728790892314777
3.072183004622474
34.74391603985046
18.67506069831643
24.89282475355536
11.660102431043327
16.29114477952669
10.500764480402808
23.069741046082044
36.61640260511939
9.102764356106746
13.399676568725937
10.827223250030585
47.91811211121568
39.10937898605481
1.2621512664466081
3.036843752733205
16.093288900908888
6.537664327589681
3.387771023097841
4.708954941435948
225.83037184105478
4.861514199350353
17.71008073961137
25.89327700760066
17.087088460697743
4.7704496230767575
1.232700980575757
11.726175764755467
7.226309817168982
11.424261565589873
25.763603585381134
9.8114187071711
21.55138221957307
9.763912870143557
10.648476886554903
5.822652803871094
233.46982311454553
14.983979322286231
45.70800965554504
25.586367337686838
0.5544803892586145
8.492222809393994
12.55281367229621
5.187416717980838
3.336211882651156
8.62608108550009
5.505114655418112
6.929158742688557
7.099591237492888
5.239348891681956
9.953452095267167
