17.361020323853154
35.369098108115836
12.802697235041222
10.321165202400934
31.235711788247897
0.7370576086729983
12.001902145593249
29.969102109350302
11.115611254719099
9.579984862073786
4.1032219082329675
198.48218832001243
51.65577479271148
22.58151116560778
37.67504882931331
12.833244399451004
16.050183626286113
11.56364520943734
8.057533084409073
14.886664021654838
1.8541265625009942
10.13054705972803
11.597677425111257
9.004076444087076
17.264552242744728
1.2022287943820658
19.577025181499636
4.209553941213883
12.894370910161513
27.655800732210835
10.259095307038208
20.86714066561109
5.996105615821335
7.222158331071185
18.188893694132247
