99.90374575308644
20.055525683616253
28.085256000134137
29.504040082991665
60.932862033585224
33.8554957787689
73.76448785368214
13.14625965938852
22.375633295185736
7.729409699920566
76.72057171845714
112.78776972886838
71.91237852446288
39.09139814870696
22.188696150384587
7.10809560891542
9.911430292604166
53.61248597405702
14.739883214314261
14.08454127702565
126.1597908259292
9.528982983132963
20.193795103301994
18.234285116957167
14.899589001920106
45.00138443693697
17.52477265107892
33.03289962242256
8.889920471017717
337.45899200834714
51.67324205384685
44.07023660248258
64.38789547324097
103.48578564441401
74.97225907098981
2.2846494083221813
21.788300510993977
18.413164757318654
15.704475132309867
9.825316817089316
0.2585821319464401
17.747431930448727
39.47529108661952
48.9350153279874
39.93312105856711
13.834695746621065
