52.604600281765244
30.66150089512324
2.4259922716375684
50.722179638433275
18.148379617444448
185.15509956261323
10.200290082247989
40.44829364961629
8.454119784782435
10.15733780621322
11.76515348338421
12.598485798702342
28.727443291761773
39.82954452870017
45.93944825569247
11.60570522550833
3.5449514147778984
7.057185979366977
2.5189660401491665
29.868905939745417
37.008282375062265
30.413068504147347
11.295875122088205
32.73575994980625
32.58468381854384
26.108433237139394
13.580762431909008
13.504828778974911
37.99486378144803
5.539313459664953
13.707595928602402
15.50815325821786
23.27414944100539
66.31413754193976
65.48623631618239
52.21218284955225
66.71263721483243
5.651297702370286
61.662827580819524
38.54275198924336
31.91404050194504
13.573846977487506
10.800999332378936
10.964108772076045
21.188698617494126
32.77874916438064
26.230480911553542
