68.64828741224
5.934832362781037
71.05306953228637
37.609573773673716
25.1560617992877
35.48187893127475
22.138388882755123
10.785302924075609
24.348225790564427
22.473345929212613
46.72301673150116
39.35055589537549
84.65890571101774
20.251481769067396
38.58038123916607
40.61722106017311
80.12468746295114
8.984024251249224
48.43763360395708
41.129701863093004
3.071044286144854
9.223754370601426
10.652403714606848
20.545367168769772
39.97166904769189
18.69334434480497
19.176846150754926
17.26925698757499
20.4581179452059
12.91086059006011
30.027718501535375
2.5773657047856346
8.036082833724052
24.262929111558947
15.006877723965246
