40.730262501954954
14.099614372217772
25.246285940102013
6.312427057881095
12.286052246373245
23.359075849398067
23.445068874837332
11.232577352305057
19.783006264897395
10.118950494337753
8.382621735449789
8.285913137930038
24.864003942847205
37.55890183664212
4.094561818002191
5.232176202397866
14.441841289813198
1.9741610253860244
13.167049122312505
43.864400685894935
15.946907343411638
10.73885314838067
12.667273754910099
17.83415827012854
37.62145535956306
13.993821232110065
6.732343975842781
0.9594416245471251
2.7167103074590244
16.681163698442887
14.135997717712215
15.145539515509128
264.1133454653617
20.50092131981023
26.113640219874696
14.387997289661186
15.809360722266817
15.022318048722312
24.60545466259002
46.50465847097027
19.242004172762137
14.37525984740023
4.871448526955703
9.139395027516343
21.320829099813892
20.003277729589072
16.730347574120458
11.446665593613929
5.542153239373988
5.491739487116121
27.78224470572202
8.610899945737984
8.429847311656346
0.0
4.3596912194714434
6.141681258961384
