4.47710551116981
54.85477720493212
28.877231797946905
17.179033565430302
306.09347692390435
21.784160324791927
33.15968367521917
14.521207616535563
6.729810334959041
26.377587713694695
19.020407276694854
37.99897497311382
36.87081595372902
3.2974933054915994
15.819178389528005
35.689581678923176
33.728116849595224
4.714780996872818
10.369942000815286
30.255460400039254
33.3701095168814
23.750261150905274
13.097636473503883
5.433152292860228
22.263522285735718
2.107052007140666
10.074619230683467
22.990510610000342
24.63585170225589
11.444745322333148
10.534137891464155
8.023236279969666
82.23602583027343
34.14062950611368
394.5172035879554
20.05446229753946
8.859701455187306
23.75512628873591
3.446181337736718
15.419204117661138
15.354231064250243
15.422964911813636
7.698826518582848
25.594190804810083
12.699935659975978
22.010673108796098
13.712146029559875
19.294798591676084
24.713804840516318
13.677583835077755
15.916548611359062
21.550540367945672
575.7323750276809
24.258979762591196
41.5267428008472
10.767550742688286
45.132151275188136
6.701462765026335
9.145707826769197
5.082720371719887
8.778621494360763
236.98644183936307
34.54848989533886
8.322029271112385
24.52444724011427
10.43159787354584
45.55373859882452
32.29655531210054
35.38348595171411
15.223993486049267
13.828796124289156
38.91715752444736
27.190324461723975
9.460464512094802
28.00570798221831
5.9441398736653355
22.231310501294374
10.157179333342341
7.759524144827296
543.8761160940205
5.247757840984804
16.476725299418675
7.3709088896107176
1.9741906689315698
17.9009398760561
12.058922643834379
6.928159113863657
17.014957762871575
12.578292448857965
22.14857452717746
19.026363366180803
10.522860712061075
13.699925806312152
2.0313983118837626
5.244603962280792
18.264836233603504
31.486263188572792
35.59957518705191
22.01650074712117
10.251986261039107
28.300455148727565
15.30015336390295
14.76026791459985
15.308665663190425
13.744102464858145
24.53930393278722
12.076948150173251
9.336462524042986
19.994274870495275
20.183157303725665
17.184537645135833
19.669983325853167
10.795521961657641
