111.92438498503806
6.741690238278892
102.01042973183115
27.162176927361102
31.5967588445707
6.306486517973184
90.20127263792476
55.38937798700607
5.933785299894851
20.039991097434196
9.779465072682058
24.971326555531135
3.993016192459663
11.870271516038045
16.41496386933754
13.85237252950121
110.7871238519731
69.53848699665056
61.611779193057686
28.306154242298604
6.567725880074391
11.156178388982141
2.2114627573018453
36.92154062280106
31.892225534695925
26.83563901737645
34.06505902001652
35.55235602720619
97.41163936811165
57.933094695101374
24.144793734389623
7.524208918339923
15.870656015010653
2.6199277620248296
28.47939054020469
36.28663516167886
28.479899048413998
88.07639902800835
28.282533484654024
22.580137152077
81.17945178488405
16.098303907981006
47.574418832733286
29.18649562204955
436.6523183955967
33.54908150102577
21.8084050116029
19.877692092754856
5.878309904897975
30.24281696857841
41.21886842409931
55.471383331292614
65.77272212988947
25.45884296579078
22.000067895329295
39.04471250569051
6.189191424398558
16.12805965581593
13.188555104184132
14.652744947550914
160.37654968234227
59.282201374961375
101.7201332956977
24.994869170788036
47.314641547891355
22.71791945668309
33.31634525734427
25.423742845475374
26.100640738731627
40.09208692523411
17.411639136810876
8.275786812284153
