3.0298437859470937
60.586218013384666
125.98086568255415
136.67426488805862
9.39532821963843
28.985499156599502
35.594610088314795
22.420123325023837
24.377921880713217
29.907521195778443
23.002837980889723
22.956042107973133
190.93906033532167
1.5159992826215927
9.058219632958526
23.71144230371317
470.07360851084337
41.68658179081052
8.724746120425067
22.940754846752156
11.395166584159455
10.603639511369636
36.36223940635878
30.675632479653103
19.789605043137698
12.834336730358103
26.58915278317602
8.709753460910164
17.918755897282452
16.30430058575878
8.721090194240418
2.1604743069589034
