63.45197673428598
66.15887325670045
117.30112446650638
10.354166403856524
37.56794716768495
45.01377507632006
40.41851422537118
68.53102146079827
11.02964505813813
1.96816377527567
26.4214421363494
4.950731814074132
47.22071925929748
9.845197306865572
0.9851940336092753
14.339646884879954
39.05815171348763
15.605970042689123
13.014337915698889
14.215968921060778
11.661949627551337
9.595222957506166
13.304535646530553
6.610993128506067
19.231750582841656
30.897206684592987
56.07421153054116
41.89049072608324
13.448214460798923
40.93267028398773
15.679232774195256
32.177300254765484
128.27072566154806
17.190502669059214
10.324315820563157
45.5083107559027
1.9656549230096516
20.564348305323733
13.400393449247034
9.952078621637469
18.728873118888757
28.153169989908946
10.669937069167815
10.452372678828652
8.903513033290764
