84.1324875004616
11.219473814579942
17.117291432799078
76.6673169512899
30.79696830393543
10.918701125334252
35.655794435810975
18.876224546924902
26.959547107893485
22.960553902742575
22.534154860831464
23.453987385066057
53.81649415349824
11.087391507595285
19.60602685044003
7.351271707076904
8.312753285905899
18.061507018860908
11.815649269160787
13.357108496220775
3.1266053403295757
0.5924298699892034
3.3788877298546254
31.422580292363605
7.822125143494503
16.021245643979483
23.173528352774895
38.87959107422361
3.2730815207583674
52.94567404997747
47.678175945783465
59.66800166828749
34.05828865897435
28.08983509474136
20.97692514838556
23.406746695911067
47.15957890848816
35.1633981950325
7.047833785673248
19.061308111634958
41.45544713376175
235.38410569189398
22.683031091572587
37.114622846375624
5.1412622520650615
7.932246038673384
12.187726765997354
15.980711756768827
18.504395870937486
27.35078923190929
45.775177330362425
75.7042110043645
23.956301408394467
26.989687228843778
19.37840855178584
25.116115355570386
25.398806049555432
3.7461352348766184
6.339351748322812
26.996418907806714
6.796754718007037
