142.7903245813522
25.58487000547916
50.6170322955484
15.29747319361151
16.174767427472545
215.5508734434354
14.36330104970341
27.988581127617124
24.737835727572843
5.947512382893166
42.52294160854545
22.25179410004985
19.817060390915756
11.869024514846586
24.164810384579752
17.305571343417412
0.1966352398711706
10.710069105248962
8.45320381051684
13.063058969345448
0.49880696464570917
27.359642946987975
17.298442434343528
14.169714988798091
8.411518801507242
15.205645051130404
21.577294517828335
19.296794791438245
27.060037024074532
31.07717003902947
15.05650095097613
0.6855239033890967
17.687850142645473
8.111338086241233
5.573635798454788
12.503242963675248
10.751981724038828
3.99344270787428
13.94493264348263
9.172906917939713
