14.182612938512435
69.00465087447044
155.15440060108915
60.138755492009764
13.004546919788552
10.749043649472412
11.544989998208848
7.014782817007813
9.132131362310716
20.594820887876296
23.85496723141638
40.80384966749634
12.40062660835396
272.1168286698724
4.5218639108069
43.19615300294963
68.55930829936206
41.56870242984523
14.853442363365644
6.252460841087299
4.070086778036071
47.87086757230654
22.054257923160776
16.45848597155144
24.787674937616572
33.343784831263335
32.045338647348785
20.224627398427657
1.931326306188879
11.813640740988731
7.771708822094851
7.430602894429214
14.645195397614714
