71.3462364922189
20.545789333908232
61.737084298398344
35.94755476172776
25.980597879355358
63.225347645941426
14.225757188037136
49.30920086531356
46.22285103041705
8.877627750151333
28.118280201267225
12.054928396885131
40.53548954696875
10.796923346352855
54.13411494047216
13.444241924494492
11.839910647161446
10.38077577688685
19.841614485825048
24.214656993068402
18.645927986667516
16.97228807741115
8.310838581024967
29.071056286862756
64.34976630715124
41.8065538517192
44.785648023024905
50.565670671743874
50.76519040178512
34.39508375738751
13.422173658583574
11.309884419712901
23.743865132725077
19.85219914879289
46.55951970740023
3.978174692984595
4.855298851341274
6.187025937178618
18.089073507077515
24.415639274112365
313.21346605428784
21.33478016395773
18.78364337820865
15.427845966722245
12.960682757887497
11.95921206147132
