32.291374985011515
341.1026760217625
40.01919626195661
41.76048732570352
5.289589609053564
21.358433915878237
2.380134959172949
9.406736737068258
15.04042803141003
10.806232912432776
15.420308079417026
43.63654561534324
30.928362169055248
44.56112022701278
35.250603907167076
10.004038046461787
24.66406943759955
22.2931905048667
17.419933063872563
11.917944198457533
40.78876642702994
4.37803872481453
10.890902362846816
3.4419825127050387
15.784605445828603
31.552505052196068
17.08973934050914
28.69387268245255
32.08363504843307
13.546738547884203
17.131438898191533
16.564354808319862
34.016663271617475
58.887672971180336
37.98550675003362
13.445723285098097
24.115346529417465
25.393678242284693
20.43523219761893
22.361122785343454
15.663750328433238
27.34188509651854
