44.434099843120606
80.45830397799668
92.86260087744077
5.984837646140704
30.441239117373442
18.108895012381822
37.453462429333996
27.996893711583525
29.9910075991277
15.21583709346524
6.990782849069603
8.77520263695672
11.489491237156216
2.241179655199943
13.086173052052771
2.474804860662317
1.8200417327146
16.27025642844879
12.362898337428035
33.9900120086983
8.060974874577397
39.11758010787162
55.08977632548729
29.37566089297171
8.920940330659178
13.103631028770948
7.535664918239391
7.953844003738254
25.240914143815658
12.717899496083447
5.266140808219944
44.263813697402966
3.6940545465626116
18.15319730769569
6.307686071261145
7.648888008523613
9.256405518165778
4.197550424060054
8.385130107050017
13.571460892399585
13.237017320569691
26.431780483956686
43.32394001835303
40.71663895829897
9.623619694001405
19.81114060415692
9.672315734750427
29.123728733892605
33.50064884513442
25.913074612789984
4.484976672376206
13.890148670574547
36.78654129383108
34.81418675707411
15.732709678431078
25.489459868835496
18.66851061085822
17.683267540226467
9.425287874487196
4.763832401713572
17.96250222565351
6.6079376594518635
