50.0592182783237
24.61011377509564
30.297145826949063
2.8140557292284427
16.54883805777446
14.761224417729068
41.257469411341944
22.886326009963796
20.350196886221852
51.570330342808774
1.6877382215132855
7.0948476113883885
309.6203427147944
5.130419356355333
4.284618542526516
56.811350119784336
7.087024856519918
371.7933544437607
9.302428692684344
25.531822415354455
25.178048142647995
5.486842616829563
11.509555514063592
13.924164855554906
12.324654680131445
11.995668740858449
17.240797992495203
11.306338576453669
1.5305368849158754
4.018567300312128
16.09576650509264
