47.80857910641697
73.31256136964544
49.608991476406544
77.73066680856473
18.24468542362115
79.75275595188597
5.4180886704681654
26.42664684684071
16.403810988459043
23.811227580352465
30.75139913105272
29.76890639439604
58.55756727104014
52.89190303205642
44.95115363664337
24.795111694127797
34.23232744348516
30.6540233871048
27.022567160271464
20.268078293263372
10.541129245333906
6.228378095258279
13.268788805978332
19.52162728326475
15.161357658341146
61.8374628994375
44.85759924363232
21.216348158525804
21.51173819158143
38.22586206405859
4.20384674963158
26.649204482606024
39.485358799060805
6.074674519337961
216.43273048331383
17.601737502506097
7.699497587097355
14.441079067308195
36.595957967835915
19.321371380580487
41.3982224289644
25.91048990698428
13.377086542375636
2.185675977845392
24.730602297894265
12.148332475880352
