5.772609237932855
3.460424573352711
18.459335519499064
40.88460899842025
2.0774472577458454
32.10771409474549
37.035679630657924
10.913024135344727
19.398578517233602
14.32569457177972
13.423923769313745
18.232835915952137
22.46680717018269
20.06084448515587
3.6344488848613707
16.611328793999732
12.406201992955246
18.441781283920108
22.374433215820403
19.445782778349965
12.868981227781305
4.3105828657981675
24.568025084644333
32.502935311475355
32.98418629125388
8.935405685033132
287.6734401580707
34.5375812496262
3.6728340561101334
11.550398871324603
18.24491417602185
15.331150438234758
11.859671077354491
31.145898132654153
33.235653252248994
0.7538429303058365
20.325656741674493
17.07442404372479
12.971083734833257
7.691206871400183
21.206334829919413
10.319331098627487
2.3196839408107905
3.1089844673540057
6.216741486329795
9.500925851480687
5.113271842330491
