135.38785777504938
53.47571827427245
50.32882818796605
20.773725546410333
262.3468371930991
82.60662601091262
86.21092605371186
73.54440703297446
37.49263746820415
14.888831526159436
32.55495347048968
13.185253202111525
8.161986279555634
34.93501742306553
67.56959034535373
24.20692612661557
12.254321086593222
20.853364601967385
56.30092300336561
19.54584228585702
33.177359732044636
39.161462082707104
30.02573937017698
35.785368111871435
7.126007009203278
70.000723680334
4.9274779222920415
31.551386395795106
68.80428844043855
21.663269898119353
36.2249555056237
67.02848959066472
66.0848119343786
7.9305533716594
