10.129660718280746
4.6748110550868205
51.70034325019205
44.88372394045987
32.46228755244661
61.35140543556946
7.928661055288742
55.59498097835869
13.529467568015363
20.22206980361524
36.28882458200707
19.107504175053123
55.61635370517149
29.312146233552312
27.667783737141505
227.15547480462172
7.46661501738437
17.05933684687669
7.152978283098491
25.278668115032147
16.930951681146425
6.291718928440389
8.81488167526851
24.740137683745033
2.6617216454401387
29.10183986683009
15.258309442976113
12.632637767490891
