48.63185482330786
77.52118140942437
35.26834412225219
12.096743114730373
10.859799095968484
10.931733886003443
20.44914027752081
5.483448945532132
9.157607101029186
44.360050629465974
22.990322639735894
21.071786377200524
10.847094816671259
28.16181241643787
17.609053021812613
10.460002124430659
246.41408696380526
27.573391141333758
37.71904167508333
6.733321037079449
7.0026646359611675
8.354135420896014
2.789844818916322
33.65517425169095
11.365982719654582
2.28503491147616
9.683412537755927
4.630470642562628
1.7746387140334292
52.98425381355125
26.576050162251093
7.948448401471197
12.176722850088552
12.65959241216855
7.67716862996204
6.836260998062301
17.712263026060796
17.274447971914356
7.1791972950695
12.566178518845817
1.9412468082094847
6.109907879305396
17.13299298343172
13.392483725290461
30.38214696745618
44.085628736878405
20.56842029061201
20.326279732703426
17.91927368378309
6.749092557422685
6.877655973575969
10.23297617981872
16.259018407833807
21.8760446506123
30.695064911942723
20.60674581616199
16.364872413079482
37.93297541826642
20.753762873098637
238.85834920917702
5.101530975572302
14.814082704586113
37.12212032293179
12.68166977709825
7.076685577973791
11.574428870170877
2.1174963851966027
0.17586468254357612
4.470218790755894
4.225532169431617
6.110495651913183
11.566746065689188
0.48133559271731485
4.369699601324712
5.261441252404509
