69.46021536294175
2.1993298435076554
31.30403430787638
27.789450550040783
29.273480431765677
33.565022264367926
20.47903765482822
7.856034012366578
17.31587142082104
13.808624661921584
4.2870805929513125
22.229072659832184
17.600995302262334
67.38451511671192
18.0013117662061
58.123376751309905
37.65346754929439
30.051761155406297
18.29876655678035
24.457172522668245
14.344221382380269
2.965794283130535
13.794807910928071
6.166801937943632
10.774718659351521
12.85878983051704
18.46557892591757
20.93015727550039
54.09435762206239
13.06105125350598
33.580935428803244
10.673039494874033
33.63857889561811
18.366409466173167
36.45561247708605
69.99472917037512
57.70767271979014
11.745254392671171
34.0347874680096
242.6440338988697
4.271388550815303
267.82132912790667
18.124136859722313
25.836336737506215
1.8391810239748594
21.541937261226977
9.066177518137494
8.787808066218076
6.838561150276462
365.7327867642387
