58.664088777973106
15.991470683680745
24.235490670444193
24.677944457674926
242.23265151571002
2.598889669307866
24.793042440894084
8.891412688603111
5.181700277975423
26.140942173032457
219.0890666392914
29.159556755716196
48.408619518561295
3.4062129647316937
7.78338600227913
22.199414828836183
11.931654669747317
13.77416786938278
12.292741880972272
6.751804569773867
4.580786497726436
7.9030138268125825
17.04713800341085
7.458952852186954
11.439197561363216
17.111420190408538
16.3998600673182
2.5421266431327325
21.646043198005074
5.7394629764524865
24.99046555402944
33.191363600620775
18.353330914678878
15.087136659160564
12.22489599838768
15.70125704096219
14.254360701436298
9.45733359691259
16.98173045346242
25.354478630889858
5.199712108113971
15.586711881683627
204.97285201084213
19.386480108399155
20.717432116371953
9.624451029870016
22.111251165769474
33.1440582323941
9.655745568950266
6.554839034967017
5.4392680538283855
5.261996612343793
5.4449907927519945
15.952551889814131
15.208554890714453
15.022322299845726
20.628554873956503
6.5559597478063125
14.829612629844817
16.746286825461738
17.159448783845974
18.38617216836326
8.307559599236711
40.98301343866227
219.4752183211806
17.393798448715742
17.125168363147594
10.56349470258948
16.887690707512533
5.443721284705731
8.521663777875986
