105.59462667619235
29.56748931819334
24.74377569617259
51.715667011906746
4.222458809071554
41.29490379478435
43.64842776389125
9.281759635509928
4.998966400018787
12.72756280722622
1.0634003583419656
29.884375489623352
9.325936620089678
24.826641500989865
36.479471923595355
23.126122890033315
10.165977537257305
17.822136778798523
11.824662462719104
60.88679530329139
82.56244147168259
50.09088028037951
36.078815940548594
18.259342978486544
55.932180910322316
18.28387846150214
283.66757220151726
54.675822127795385
41.433405496069696
49.898359787896595
40.145874151748174
48.845713858859284
27.97791737003803
15.985258325211234
12.322687613941937
33.11801726096681
40.77885236969999
30.476687734761754
2.789552251509619
