0.027727442291407556
39.39739053328567
16.334781043795402
7.9039062727325415
14.912749902021147
16.503360500926803
29.42070884937003
1.292461237001504
22.385036865126352
241.71026221046503
5.4425030484642605
17.200379468228178
5.749138584887191
12.633748052155
16.536753644940518
20.367158949673893
23.0534846088961
22.723349842301914
26.130762931688764
17.72054677996222
17.87999057231454
299.2943266898681
51.4662640821566
16.52616062853498
12.747924547376016
14.056120627356478
12.958663344578952
3.5176402710671795
19.49707651805771
13.872740763370132
6.291884241497712
6.508498000710361
12.781163052164658
9.584009248032473
2.983336235636429
461.26746065728435
