2.6307602049810157
28.302486620421078
47.23794596903667
43.860262735159594
17.679891947589184
4.947693643275727
29.826849680756425
42.12519058638216
12.122707002761317
32.96766195408709
1.7700442140139359
17.71144283375959
3.2438414466963366
12.76150146473097
21.318336005769396
24.57921429010473
36.183906699419836
14.746520163992685
14.33972205460637
2.1718833044410246
38.560543978523825
28.120624097541423
8.8682527344521
9.36156204515008
18.49948357501684
34.0588962417916
3.7274322057061227
27.427695352496343
0.4748994559635946
15.84641459967338
18.295170280971064
21.051128280706152
12.519192072708762
7.87496470283196
28.77973981207137
6.140524826578414
32.33989536591383
18.310576750855375
5.474269429096253
28.704700156672402
21.977594402140724
17.79012729419341
22.091887302112966
224.76316118672565
12.313710741905837
18.8690098036204
22.212987228604206
2.542680929293496
5.040034469577918
8.637233114295839
5.593015792551057
7.362354890949547
334.90466624311
16.526271925702503
4.58787713426841
12.952545944411355
34.8221102499667
23.374369105645656
17.019325243240885
21.99348737161108
6.028239878980287
24.972015269792877
2.1958486040598046
7.65092551226455
3.872067844733479
23.63391845667998
21.65396750612703
13.286861792137813
15.893993397329666
