15.638536465582177
7.1049898122215325
26.82269229578324
20.476950328551084
60.976517439141304
43.041082625642076
27.201919176876686
24.876817455304746
5.43566666177378
45.86195631762382
38.338882653354275
10.4764871854467
20.514075061963112
10.073621579524257
24.45657882149473
25.242765606218924
6.729970636650776
6.094452172626347
51.700642792180474
10.49462168552462
13.33649146069122
8.774996205495171
4.549641617472048
11.537007398976868
4.379419712342127
16.082772438332043
6.709288169481141
82.54581950716164
41.72109392824157
14.26400522473405
7.446126556799783
56.18482468239364
8.53798753355764
23.284447731044835
23.733738502410645
19.182977090724094
19.878272116660014
20.34552423253109
16.13087546699809
279.98021510517856
19.107298199607612
45.62518548949288
17.869742957237634
26.380884165223748
34.687607503984495
64.89841165066647
62.042510025192655
43.22651836099925
19.439703471198754
37.672379797661534
12.564318587173688
14.908826840286366
56.18447481922904
35.36890785827485
25.27407297126696
9.65099872676528
17.505792435129493
10.842890149754012
27.395396382524567
6.024174039713131
15.110864502291335
54.74740448864695
20.797694546338732
35.124435942970266
18.513238286000956
40.9052708355719
25.270827365742548
9.672713003828477
15.373536847124655
14.573307137006452
7.85332149784368
16.937635447673685
12.527644338635284
0.0
