65.31988384587298
66.49679690023416
114.92187902304764
38.07949653990818
64.45996823887933
2.552588819791538
7.1713969015358145
15.203743094551811
33.390031871505684
6.650269695064765
59.95439307693381
31.65669246700375
32.05505260459164
33.02910218611993
33.26377645994309
23.373130398983704
43.59892535149254
5.315660846344741
16.5751014445962
22.694978647149725
31.17616578144954
21.50735457596585
59.17096086720514
14.302874676800826
54.49573938668776
10.21226164919642
5.342116256331892
10.444226866953954
44.53794104805759
