2.3669742786996153
38.703019724915166
21.066207324000132
8.169869954731283
27.418498787981164
10.610919759161902
37.00147914279101
6.330963737889718
16.427645581419668
215.52090978623437
3.5067781380375322
7.1738177300343295
12.391749925047847
34.6691409063767
3.4848019879411964
9.841442137309556
11.423653286322235
54.84464701495391
19.885320993410318
5.384789777155348
5.206764115217041
1.6665587759833471
10.65171354316081
4.293161745732661
28.39974165103166
32.642213877290345
14.119982277500455
14.499491872644114
14.110746746155186
7.840663326874633
13.272740340627578
68.95560185270017
61.62073887185883
13.405061854135397
5.742601151521171
379.524092000117
17.39715529390145
9.402797978929385
11.990720309571273
9.599837624819259
1.848162634443483
9.940003386612261
5.771497012536514
21.37599653442041
15.77323215883257
0.0
