12.020239705216099
35.212495172907126
6.894307065656534
1.890988266308625
66.71695582169261
21.46925797053099
24.637381022963865
17.823020802700697
37.70565232444986
7.313526149581804
16.625852904287044
10.737429407700503
31.20897870082409
21.112127509655366
26.34222720080311
34.50696538399961
25.37035011934013
203.0717160313809
19.999258480477465
55.24043540567283
23.22939323645008
30.25833544215918
15.645706056570816
17.670240162637768
59.19664655595463
8.087872348178223
17.71258642878273
7.755767404018769
24.372656951099728
9.626632748874826
0.0
