61.44555137499577
18.079100807616527
29.451407893640436
16.578251898444535
12.757785152936506
51.8716011440346
35.305866204835866
14.312557194534207
1.2968830122322572
0.14626075695507268
13.485254284320874
24.512380892409382
23.415419294020694
26.793992819048015
11.52193142343748
29.31248529269169
35.00141607651554
17.536480277686763
33.53313282921472
34.29860559031927
10.772404025841851
31.125647946209
17.757039093015223
25.905662196842314
19.692942701277303
17.115061556319972
18.086513643898456
18.730618244563246
7.923995530537425
27.670336464384448
4.694509230692532
11.811698936637512
14.335816344027506
16.633656412069655
0.7893022803741019
27.951871572007562
15.901256393716537
16.458354529897676
20.76503095580094
11.486120225308653
10.028168132618418
5.836821908396587
14.24712976168911
33.52249945321476
19.310258941972734
21.080679688460478
12.877132083691535
13.308659494111353
0.9134614968141364
9.94558797807342
8.135089662682148
2.913203582485963
2.0032466912001894
3.975059925691724
7.582639571964066
9.507864376981274
2.2693344231558257
37.493527306656716
39.88105372152212
20.79879500540271
11.031362156453667
13.891808766400231
25.765460352421584
316.6530884135053
12.94225982196015
21.898093012509918
45.93233454318755
39.045145927668656
37.58306978553165
22.27457651486293
20.2979907443176
31.938184954803035
13.0723066943426
4.274705638055366
16.447043600301058
21.282023383757718
14.635306813605112
19.881724352730686
36.86811139320142
28.922146114422958
11.370464484755303
17.160448498139658
21.76828869200955
13.273771564040473
0.8748581351615599
13.561583318064237
11.974316459513162
11.140800924884374
