118.11882195664964
14.069053906516928
30.42261215274226
9.09016634410068
47.61030090875788
10.654593651223678
39.812825870007686
24.439153540045893
18.74402905952539
20.66693096280045
23.87960611451875
32.45971348772373
24.86727678595568
24.573207352399194
15.703788447143452
5.038978758594496
13.12311746499384
27.493630611325997
34.68571546612523
41.416053694190225
18.057289105989042
11.288433081437915
36.352062519615984
9.292145009093218
27.752196997377055
30.300261126255137
5.36583071071675
8.538487864778403
35.011947444036636
34.90427089212048
12.47304375166894
21.185725786527726
25.1196405149565
18.8591344273171
1.7924891487365784
