29.511405408312513
32.02836652642294
17.249609226089547
21.129308902795728
11.592146036435054
25.76363818342989
22.030722924664175
13.880864272568132
20.745537638651086
38.56348617038091
6.494358376359401
2.3593112857906817
11.814987054690064
9.932161282564294
501.98438041014606
23.227378577196646
46.89535945057648
14.85809648964451
24.418944605862478
21.60815635214159
11.795329037381919
20.019423156194208
12.826152419268041
7.815452782193859
22.840440796243954
27.08946545995397
14.673118917230397
2.857576144853809
13.360134392845751
6.174216559220497
11.122360260637336
9.972581479589081
6.482559157728232
20.724249339511843
11.927409319900335
33.31154271509965
29.67796690767132
26.485617443500118
67.14212723503923
48.156503739329
8.380059042461241
22.674348267270673
5.205198014894009
8.739482681341315
5.828977167763185
8.807071756220736
13.558244572267611
62.88723401903847
17.543471249731766
45.182990893919566
21.87073250024288
13.2309375004358
38.101437343594085
31.747674670776703
7.800126764697424
5.88666148512425
2.891635746004411
6.00625617455384
19.03103406149559
5.996211713921895
0.0
