33.06418868221226
6.37634804438369
29.365276551343896
32.099166482918434
28.934631004671303
33.10942589982275
35.46994309133807
22.123232733424572
30.60172063970461
12.448601964975808
19.046392183360254
28.221657186536902
29.474447454343476
93.71886693737241
51.279152798907035
7.792400144779492
9.461365075936882
36.244551027323695
18.661933028743135
47.9394207875237
54.775640874121905
24.746843177007833
9.150246390621604
13.930084961123598
21.437226749134496
57.353418654279054
13.780807817540733
16.484149208927874
23.26699822882898
2.7265110550153935
32.9322279794883
33.73795858498025
22.97604368992532
9.932089805872081
1.2970752168608897
