109.33603933723299
2.24436719940212
5.827265096766624
6.115873086754178
220.75116333349507
20.816766555916672
20.15521030681043
24.07094413742115
24.048880755678823
18.688525708414616
7.794404288215389
34.15402923907341
37.38432995042784
39.25256789877356
19.824817195530898
11.959664039483116
10.68447622583112
32.64919502732445
15.886414232375614
39.80406752560546
6.738352817788098
18.84891725963233
60.87862304766635
44.01404956069909
52.24627060344571
22.495079992849725
69.24606221491894
36.92701246627034
9.210433594321586
19.13079094847454
18.201814991752897
10.937617872024589
18.16575077001731
10.161294094389191
