67.39592757003676
27.51829286717407
47.16765367161793
16.910359021709212
13.62558217190282
19.074986897278137
4.515380263129785
11.265840416555164
11.62130874831719
21.32711131912926
54.117799616154784
30.611271137809297
4.983583663333761
14.515662181052718
30.192023660699647
31.018628878448382
14.656314458414926
27.271820686286617
7.010225186770072
258.3941484817082
1.0978893894135666
12.87385754484589
14.435764800994633
26.1861330438976
12.33074027513534
33.020428083180505
31.504655893805108
22.84594733944705
28.09811004913422
16.69667018484496
45.94257533374821
2.194136855965567
17.459763057678344
9.87372124827138
2.8393445740297523
10.253230986358616
5.136699237604745
0.2552911713747079
5.230764122025434
10.463475474876518
222.28076687650386
40.71259102796289
28.088041003289277
6.772668350001027
21.38964774090303
47.50612428257399
8.60617155049249
11.511987710924629
9.562312049832144
335.18350764818376
20.496647996394216
20.259240911792944
12.205049686692263
7.949249437963033
22.09162854848836
10.845266936896152
18.4476559618097
9.51531200260824
22.96773099387073
15.079801517716007
35.180304241323086
25.022861553549916
15.483100573409644
8.51577756134482
15.818042507168443
12.935487193903597
15.839906383820704
46.76340758832845
16.59428556166381
14.456945025127965
25.22996796251283
