12.029907292150611
9.195662917548518
484.4386497134699
25.672096919176624
36.2228695278077
36.51353044638793
35.24946127595702
12.602062584220391
18.96331517539518
47.50530385280862
3.19316661788379
11.195319283522636
21.142171075303253
40.66625706956347
3.418042598850093
20.327077763022814
11.743107737269412
17.861325797027433
22.26680779838985
356.71720777347355
15.672169700837074
20.30003230934159
56.36110465596545
63.382033608865896
9.922275198886183
12.27731926367916
30.022286515783847
28.85664337512945
1.620539035370058
