36.28987111345826
23.014463426064026
25.386667100590245
415.49608172421824
8.726584201947617
6.62107541741382
27.616183701854098
51.220181631061635
48.945182196128854
10.128098001658017
51.27734944378366
21.514546278035894
12.174914944801372
22.64011844052655
15.361949689852125
11.94340348681024
0.9459953375887125
21.44066278398701
31.46013327045611
24.029042870505904
17.111779023450453
38.53942192761346
10.568620437273069
14.598683786896231
6.240640681013801
7.180311889655599
13.847107439597039
11.568808782023993
14.940628919741783
19.391901128726516
21.699339629654048
2.073588466325802
240.10638271666514
17.25947386979088
334.420535072741
40.96588569496963
0.806724017014659
13.560545588388848
13.064544368216986
10.77894342049268
