72.05116195783707
19.451407892937254
22.07459730085185
16.256770337506836
7.319603790526003
9.523167462943121
204.7202672950819
27.530190596542866
35.954974994612385
31.245136830086892
8.010519503777715
36.499196029266884
23.2176616609691
16.89422103038372
8.749368125631008
7.524641299857024
5.506233523762688
12.359315795707715
18.84219102822432
15.222089757086167
23.12229613841147
32.0404482446619
16.324231976220986
37.478300779217406
11.127108897790976
10.233599386756794
16.34174317609468
16.378666501229375
4.498485281383736
9.337725365399564
2.631414330799103
29.734526468056643
2.918439296482333
25.005218970306686
8.860726448980529
44.9641898168034
55.33063142584646
9.309306106006133
11.837362734927325
21.862594403165787
13.339676577382235
20.12270868734042
29.819340416521683
14.867467350710427
2.2507356213019563
7.0905345798572625
0.0
