45.55241450350991
71.81975685048033
81.72399867515995
10.443801297988045
2.389780785354219
48.41912495561701
12.36567779711666
47.98597538999695
10.481807292028947
29.266042482597527
3.7261305981219266
8.595582838374469
56.48638960724941
43.7397611350723
18.73945668751847
39.34002678928769
49.04886269319468
2.2720552921685027
43.934058307124914
10.818909364508983
31.868491451737327
18.61857610235913
29.757207856162935
49.407937009888286
42.596016246408226
93.24725830158447
49.741752090832605
28.669289617697274
28.54524721539785
25.583415033335697
9.84957263137241
79.33987050979151
3.9339974934274977
2.7899089218408903
43.65012767219159
63.805944028662964
38.07279198388403
14.792462232249477
7.383079008776562
9.180747515064795
59.330661136623476
6.112077387658545
29.319719794689135
37.47958543699795
50.94044839197619
8.080640868963314
14.069051114524356
47.556218020845904
28.479458133913397
28.800693417744867
21.643385877704375
85.82714879038734
48.353999906602624
22.09452573162291
22.816602568812982
48.018233200120804
16.641416650719137
19.594953448998496
16.777347469087474
19.28896949598102
72.77900338237194
53.270520627423366
78.7342593736798
15.218711187648736
37.34262822421334
66.99782898826766
30.757443810191234
47.322626018165465
8.484678735274912
23.563020418651163
5.7082419121618955
32.26387148086799
43.02601972464922
25.41686005166737
56.36513584836878
26.05257724140762
13.571869666843497
10.288167941980106
12.348683732436442
83.25387177735129
7.9923825807035485
54.66891223973454
14.02722942956801
5.1325164823400655
33.34851920345197
15.547729912809103
7.831934099862238
25.152636722029314
16.206751765095518
25.45066603516331
6.047413833106674
