204.14479636548361
80.12222815908783
24.164931524716536
17.300701806063913
22.346240509652603
24.97973766642464
109.37204483905568
13.529588137873503
71.48081099074106
4.5198863558385085
60.449549291251756
60.589360406028504
62.228714450361636
13.553969589792416
4.172460520305393
1.6996907097691434
23.615502920128037
1.889974044644731
16.90502494236904
54.71638835941289
8.25851141854318
36.85374995074527
15.940161027151419
41.825213784153064
30.80379731730379
6.172546359616916
28.52607853789563
17.645123024812293
