17.820907287123234
27.377179766735367
4.984111506189237
9.692758556900515
13.613643033962717
194.8101040816397
5.607707036422653
30.541201567533122
8.638260154120374
20.148085325629083
7.026284783577978
13.95599352104594
23.113162999126146
27.921950344444184
7.707356045217608
14.480176319421204
21.62221546497446
37.01338070413733
197.9147501498585
4.0036469240355785
8.756566642394489
17.791214373947014
54.253338456598115
15.78830436873173
20.860588784593872
10.173234480115994
3.5383172145480444
246.23940127871225
40.588718394325326
10.715007882109347
21.094629313239523
4.722450286272846
8.697580887583143
221.62619057050557
51.48583250992037
45.79351267793572
30.54503938980197
244.2920819896928
5.07846002643555
43.90491507638518
14.04891372838344
19.606674677232334
16.937021324835044
24.649447068088506
14.624261196453318
5.703292300323639
4.443249605212571
3.5867789637269993
3.910209393109767
11.907062269757176
28.848301533172588
10.035252424313072
