15.887103804574991
21.491249509225455
21.760264888395298
1.292148360670197
7.680408759485658
16.94403012916051
9.438053987823594
52.39946825037816
16.745181010222296
11.698629575628445
1.336461309136979
9.877067691611146
3.081965678728608
3.95256309850744
18.229908904434538
17.497586613630588
27.530645288066935
3.8413923406174604
32.88388313495665
24.748645065563437
8.407930490974906
27.892664365763807
11.31423165678946
18.539313411929413
7.3012191648280975
10.60207460754458
19.281744387101455
5.208119190069397
13.38894187057096
16.695184924535752
4.425185711001063
7.083103586280984
1.7271116808749127
11.098417059652107
13.196249862919018
4.666457921628748
1.9654674299363109
4.701153351363942
11.981660487902985
9.864794519925894
14.875146021440969
5.631928900419993
6.716896852829592
24.523312258903616
23.957209364940553
11.809334151193411
16.38050021041306
6.33666987783721
8.192262613585783
2.0078459647166937
5.207535222465324
12.340812362549286
12.872115558573853
15.954905146146217
10.97262906351078
10.683128149010955
311.1846634024722
9.893303402126591
18.565052688466594
