13.11295477047517
2.3166196357213096
124.1128571092457
6.094064359498091
22.982484056351296
26.615626636730298
70.38801014356503
70.18121417114679
10.453325697240615
18.937812488274574
28.149127656360065
71.74827288859126
1.8574945884700043
16.671438998216985
29.975802552705517
23.504491384663396
78.32082795303307
1.0819887825728216
35.061454812895136
402.33966918989915
63.14511930350588
16.253055030607413
27.091801218155354
22.62569032366696
66.54770432304602
21.66930601639868
243.45372083067127
75.96970369517885
83.1465873957789
45.42285562096798
4.513962670778454
40.910723661521814
3.5096832578580717
7.481787157943572
10.7779015844622
28.991778775716526
49.54816266946558
8.667896728581695
82.29595544954766
20.246114401034845
20.329720323088765
7.937311620931652
317.4594219033294
4.433215907447362
35.228150831290876
35.65421943282155
40.51415661100921
56.42826332035921
272.1009137695946
25.37122866649915
22.75703922161972
66.50261026956103
11.066170817325357
30.584557143610937
14.10245778258394
22.044166931299117
18.654645082336586
1.4587152890075146
