56.32204083209274
21.556650978785427
27.23531290941972
6.762120390797648
20.397517757326526
8.717003218792001
23.628562709429616
235.89433415791507
14.209061414241518
65.34168917646396
34.61450394763999
9.200838227405953
8.558981026495957
15.92338216351692
11.10109712314717
20.016677163591922
16.926472741883686
20.00609997446371
10.583791236662677
16.59463012152166
39.17016170911933
37.680621425220124
12.28205112063199
32.01703834375937
22.282841198094545
7.424543030397658
12.758326454189998
4.9225320807586
6.82320781813857
61.41323699708859
27.39851644355751
16.318819869240315
23.936321430336648
5.802425925583165
1.3198583631668583
59.41502316287293
33.441673979446975
25.173738151465983
30.972912725081457
8.039550899935875
23.516500467209738
7.888196126971835
16.558051215484213
295.5350467222528
26.10131937521757
5.236826109318088
