20.8002817923727
84.16011641618383
74.44640026676217
10.145642002439018
35.88467507047204
21.758867634387187
56.79252080944475
14.491704734673363
48.24375915067439
14.402983342771378
8.807314353786623
11.398055828293408
566.5545299803978
40.94090051554227
40.86981518411159
68.62448406972118
32.051241742025226
14.535139871755902
5.6154254545560605
23.901885909790167
35.04380790125049
33.8944826476189
17.050675967371532
13.690135103834464
16.244986349877095
43.36154842043301
14.643609011107003
27.1587042180723
23.37921694060377
27.320342246631583
47.60193694576981
12.643040864450953
1.1114623282127525
37.05522170195762
11.863569777148598
45.031728868629344
23.638960991990658
6.321929991141872
2.344112623284815
27.73738056333285
4.893682467994978
6.277097813146796
19.17334847114016
20.15268108019299
21.202325242957443
26.280818176793687
13.721796299624842
10.912326028064172
