91.12553171247635
9.332321942957236
153.2494646726352
20.628107211086203
35.211168965042106
7.183520167286758
248.17933985532375
74.60293406923353
5.145256778801581
48.572209253766985
30.863153639278508
8.860072969769078
9.190131429149673
60.87912319879429
18.15421644920181
57.683673732066
44.20085848489539
293.46389805854255
6.66816040224775
74.71453206573992
23.19950689519885
47.67810194299379
301.76317062587316
32.01317375488618
32.918971935505766
14.761903667106779
16.577068766125677
44.2871668252063
31.730661077716718
9.763597567389581
6.612879524730559
12.213766759869628
13.75225970069819
