139.02023152167638
317.2300013137518
51.3418966400335
26.38235825338589
407.0740807616255
59.53547450943066
48.983751833132374
14.491740443246556
32.7932049487531
16.642075623176538
13.628233990220565
18.993031311541728
14.515041827871613
19.792517352261328
33.28265349985982
13.310192461802615
13.481076942102163
10.522956801465583
18.84073847734612
21.63985955372212
26.456981392727272
17.207444553810788
9.56565778148888
375.73530128766356
22.020152090943057
12.96530284480734
35.35562907517564
63.946443260571
28.449283813916807
7.224263190423812
19.630815608768273
8.87686511290849
