105.1692901329209
41.617578780914755
108.71771889302305
65.35801541889357
62.42097790876491
12.428694897117566
17.944056983096004
24.062426918579405
36.608122772019215
69.02527444514504
28.163240116421264
15.106165483569029
36.18943409308248
18.78708066235521
33.88293457824365
70.2831375975671
20.24965437018912
39.19285244611173
21.912912688553376
122.66215396960926
38.32363322311005
43.12741862739554
11.516659929616452
18.52419589061644
15.346067310774288
10.069350919769931
29.59769977673595
291.8715911212318
48.09116720508992
11.391122394728683
20.081775147053037
42.30158164805408
4.250201014081796
