18.583021149989733
38.85254912771069
18.095070828743076
21.280026213284913
17.29373992223043
43.76218721127657
18.63149950642304
32.2380327947328
13.956508602913829
1.2719113652649554
34.34073608847385
17.084848388997585
17.416059542596074
26.565852877210858
32.98498126399106
15.556131324906758
13.865624341474984
23.212200338981177
23.03759314811782
6.350140375523452
39.06910774943498
19.79384415597424
25.403679056627098
27.47663660177942
14.278606887761143
30.98541260638511
15.220063398389499
3.06890328966783
