14.632390445248973
48.76017926641799
87.28530298904276
35.09405237308738
329.02589652154256
292.940649473957
2.9828261767260074
16.78945862195023
14.452999996373705
21.483716305655733
40.278433873737555
15.38675411352159
20.16195985880968
21.59192381917994
10.10941395463297
12.229622297278823
25.31927499753374
76.035470735677
26.354456708361965
65.89468053370062
9.543721496662016
30.87921797405326
75.44289623791857
2.2844066329110717
4.555604116794157
19.528616855781777
15.085604449075404
64.61497109860929
37.95984363372685
21.779144154150146
58.87417735489885
54.54188645234939
33.81435110454727
23.468067770980596
12.490897595725812
8.789754216994197
29.285282395785174
1.3716062945550078
13.06969908162614
12.913977281931125
3.239301515178056
