45.373489323487505
40.61552083205612
54.121169896026686
8.92291546810742
9.826938280479482
222.44757502786598
26.943821413092962
8.289422176581681
11.590476456696322
6.957588404190744
23.131392899830615
14.622035567815573
16.097968318040444
8.445278324781583
32.908884127470415
8.857079218885474
13.020128931346619
10.994033497732403
5.038410590894287
20.508025916195493
16.710488851575533
9.556236925818936
36.25170780586981
18.31525817890568
17.02914760376953
33.83075437960467
0.2823161529911289
32.60075139306521
13.55688689727829
224.01397001143312
51.30849942930121
6.5999580913779425
15.01415485402903
401.83515474459296
40.5995495875181
41.77228163232542
18.851763176994353
29.786189023575247
21.80744962320658
30.204461588925398
7.441379179657261
21.11785649325647
255.49640445597032
25.2286035639373
14.07255133500874
31.30482534391622
12.220629972474896
12.000465168308793
0.7783712824600286
3.0086763308629543
9.468844380400341
19.993434326652974
3.8037338404353846
