4.323677718328696
37.435980793550016
13.773833308204502
22.219258114622107
6.8769151162609745
11.029560738710174
11.29622292708629
7.961649678691586
251.91060035542023
35.48673579451449
13.358312851916253
9.750320205933718
62.5784959247509
16.56123269380967
19.95291703150893
7.2700541044168006
13.371260214768256
12.17463602893126
17.925147078861144
31.089564084209982
49.2838031729211
17.939776044544317
17.08788263308118
3.5275425399359364
25.4272658578505
6.855846231813743
22.59532555267468
17.46569942767519
24.770399010309916
14.376218727187904
11.638279420196696
18.837241238726605
14.226093523787426
17.51946821122256
18.275364536660405
29.37606821585767
55.474746561020496
3.164982949777084
41.34751660903315
11.398436669975695
1.0518007155740179
23.60807481320073
13.66632207318409
16.247083114510986
16.543954808156883
16.267826722053854
17.847779393558838
14.323522874950129
20.558055931584065
