41.75681335498419
31.888562864274135
7.333931405280907
10.867754448228993
39.09712523160755
40.01759160911463
3.2346708925547603
16.825299097092696
24.87341646127902
33.61272282204854
30.936624519450817
22.032588267793713
10.8945591534589
11.68336342528849
21.190506173783575
4.949833194045155
21.270993770808786
15.979319872481113
27.70176664436525
27.924874759482236
16.830670978392916
11.442018969204383
6.7052623405740235
35.104722511210326
36.57020081621026
9.041495970153136
58.567752319790756
3.719933804371294
6.529069315097786
13.987705957572473
19.306190761195822
10.087448776937165
26.65443369924469
12.136949192520248
22.115338960899976
262.1748239618212
33.340202151571276
12.926522889776962
18.197908303389227
9.599383909083897
