21.569090192647423
22.446287723646236
20.90063690717585
16.177809951243205
2.8787834270600854
16.350464435592585
11.006215284873477
0.943639137654074
5.559956514048153
9.984354703678576
7.338439836700971
17.486553313515486
13.157137597107422
17.79179569018936
7.103979223830862
20.403790938926505
8.350546220742046
11.653577895091658
13.058455269605204
1.2440606348777408
14.979466591582892
8.958506661514889
12.464320853052925
4.503864775644772
20.176365369759452
16.533223457573612
6.641495583405117
10.963125205846637
7.631590821818975
12.37357379356395
15.143306432297393
12.002149246983151
7.885420889684568
3.968300706600317
39.46542241130871
29.872163128875485
10.71375028382269
21.39074525039136
11.503768010686684
16.341824979282492
6.534973808335096
11.54110267365148
22.022504275184474
34.98284629200819
29.72088785190452
15.074527105043018
18.790396319825064
6.899193859696126
8.916184552334869
21.699389859320945
8.9908147062973
3.5897100057985654
5.336231665624084
12.75762513867339
2.570841183317299
11.373433212215474
7.932702560835011
10.366574612492272
8.302397640462814
3.5850815685477357
19.844922179908025
8.647883430330836
27.279077199403716
25.79239266700351
3.8586967630688775
9.474314484807323
19.575246573109197
10.856903803194669
13.534961532679787
7.789721377346382
3.7198144832062496
5.216032937847203
15.070472803880207
10.313788086029518
10.25668368405644
4.261525474634624
12.803054533126314
9.706138959328882
0.7523301653013732
3.7901385664370224
13.943192748474587
11.37447721695581
7.94352351252374
8.195015565750396
10.390639545666176
16.537343647362704
10.830643915402433
15.708055909698231
6.681384381826675
13.663331556999353
15.1751783373075
11.592816205237654
22.72859045133532
1.461557277549261
11.884514483076288
288.0808132743378
4.80385004083422
8.839678643110815
2.7008593818799653
11.166048179840061
8.503383201707223
10.076954032762359
12.407853967695402
8.625475945476524
13.804684574706982
5.345581864199474
6.545756493426751
10.411742629094178
9.112596176231904
5.6994723932910745
10.160973222644529
4.182733287708174
15.84460558889677
24.97162393897483
10.29361515515319
8.61698830828962
15.066008920240705
8.723827678477889
4.5646725464515185
19.127255766343723
18.91020567163548
12.165938461559733
19.655210528490855
5.752478361441661
8.340253319406074
13.333680817966709
