34.53954976357282
37.172615311987954
37.9563486396888
3.4737446463698376
38.11220097540661
32.29882575287161
39.39379433562685
4.953417035839237
32.08945630746386
14.143019781512663
17.264778339632755
28.689773944308826
8.693030023689005
29.27079521663022
31.719508609795184
2.290424149487194
6.501209263987988
10.218672241296375
5.239355983517186
10.219954019008128
51.990777509838566
28.033529485413524
11.477745955990912
4.799020136756326
5.521650475708171
12.700145344200266
14.817661338501281
44.6005212935581
16.07065315830515
39.572462077191034
30.79122725645867
9.360223072911651
3.637826620720233
7.530758454566467
13.776976748969318
14.750310394773734
16.437705195561847
10.147845845813677
17.81778052632346
41.90906274327642
12.295570595352473
8.666447432986985
6.9590271064272144
20.60403926013349
12.6627493646712
6.931905745596893
5.88894329136177
2.6874364055876896
6.105570363498089
15.707187119343686
10.577503581990044
6.339813256704488
9.060683513111528
17.043377773701152
3.5790588921366435
51.35217297608274
21.584105219444297
3.676456718794938
12.161154489495516
15.570981413793916
3.4212733782513283
11.045472488927032
0.3709646763579144
3.985629480210605
1.9772257155674424
14.790071449681378
19.303611620109038
0.7619188263585244
