56.076375543973754
20.736570264842342
10.52762802661492
30.262928153535796
3.466984993999432
8.695909039695309
9.872269962474348
12.728705503546792
11.88142664020576
10.976372364990738
15.418822486276127
175.2110103168391
4.231882358035946
45.96753402199573
25.945362474963062
27.985108939157968
28.708008205488923
8.785003097677162
39.7737343560224
57.189664980977454
19.713809886704823
17.990504813001053
14.111663705395387
9.50102670920272
7.224379992103408
51.262979436823045
41.4161191864072
25.333962277695264
219.35227842326057
59.84823119986419
7.773781877907538
18.031095919907315
29.054741995482345
35.03237890589283
219.6954246324171
5.090443407498796
29.446040343682114
14.783996581755233
45.05656642854608
14.144636612796035
18.75828936630529
12.100874362352911
12.234606175008153
9.190167088349284
14.157220922792575
30.076627579131554
11.011409905203607
40.113280862347395
10.635597265248876
106.80398440885229
1.1222692912859458
1.8093063035195485
29.174248400815216
48.77873991175812
37.815696032269386
23.365021132634467
16.051793670535545
29.224854826757976
98.85332821924295
128.47880137106682
2.1402534503048827
11.036913064870788
53.66590260574351
13.736150235660773
29.53722431168768
8.735529708691232
18.176428318308453
6.4260387376995425
30.163282541685533
35.697877587345104
1.915458055458501
4.892194137651856
17.45882059534415
7.338246387880133
