5.4753000027561285
55.92827238604484
17.106776982569613
40.68528395014525
10.011428842146572
18.107185362445065
26.310729212605608
4.733729742378458
344.12395254417993
27.88564418559345
19.951535586337968
18.0439792027922
3.3309987542595536
6.4984008064336365
131.73018460795237
42.136302634508525
20.67591595185955
12.58204300899284
10.979863452269939
16.41741977303745
13.416352056870807
13.64754499639848
6.420352326572157
16.682587957849393
18.21690547277136
275.0185944329878
17.09028607235723
17.60937644063287
20.176736004709454
5.989200890502431
1.659169300375936
17.43005018461143
13.024055437216703
23.226047780156122
9.318897693341682
336.2393806654433
9.03331105937906
8.426251390024788
48.0972508989762
6.775105568718345
33.31169078296557
22.89159260772236
19.42589112250242
29.48967081133823
9.358098687495172
11.915115349502173
8.868876780324001
11.724846450866067
9.678477271044997
