10.685240009683397
67.41629449693997
37.753845407210804
12.661778545785126
7.037150215170257
3.9673713587092436
19.983493306119996
29.227787871165418
39.224762967489625
5.481539855243881
8.679129888671852
28.836124980868306
9.230555131298445
10.093579462263605
10.274597775727912
9.11632112104651
5.077731680286675
3.044647454057781
20.447437081657853
6.213822337827423
8.362183179799331
8.085120175981658
36.495378176766124
7.046921912707987
2.4704642910218126
14.849430940972312
16.80904271221678
426.3343169429608
42.860063125108525
4.861421500255915
8.845168827868719
38.97051710990921
13.18576423018392
23.42208636563619
3.4629713478095567
23.686740603141175
13.494795004859938
4.557308774998489
20.128678909128595
7.807991590138883
9.451418345312433
12.436377581419933
5.580825039322988
13.945862458539068
3.1577070871110777
18.34620247957227
19.342019435690133
35.55319460124858
16.474560517698706
2.2184413076407026
10.475527286919458
19.429472688319237
1.5559491495025952
9.955690713610949
14.539928928360922
15.80981235878663
