19.915868141133714
60.45247339090285
45.33579450428351
35.42463476698582
40.42069741719315
5.83083211716243
55.74733979001215
27.886684641149856
60.8293830069222
28.597852975341056
16.250235457241615
6.352348925477898
71.74153425412095
84.50894078787363
20.95821593570767
33.818604331111686
12.441071195659958
40.37813161450573
18.58337111200541
23.86992639977933
25.302292357635196
31.246039496034285
17.977216076445274
13.953240234622228
19.06810307159435
6.527773623255584
18.084061895190644
12.198114282194638
14.76498047002103
15.34266971374727
22.849590836744383
20.054793477304955
27.344376499946208
18.10043162719967
34.71471200988336
0.8387710236688974
36.55444309875307
86.3247106725489
52.82607150538834
34.43510206366575
5.029039619620889
8.43421541398294
15.740558164944673
1.5057317209275425
31.192663293910016
18.0683187852528
7.521784864055803
