6.197623366972522
5.200053145108143
3.948555873292122
21.763139391923545
10.42788274527905
7.968546803410746
20.449357376750527
239.36733852809522
7.027209015730406
36.04875061919567
5.873040202170358
11.099655037577108
21.512450825774536
4.875384923561853
11.51372444719118
2.558259452649338
18.10505320960658
8.202641960176749
8.427356261708752
16.414376455949153
8.618464641825042
24.0999440477338
10.949852295517829
10.592982731096484
17.742117387522626
29.25496768984476
32.25258136238698
8.726165326608779
5.534083896023091
15.428615208046253
11.253848506510323
8.701901188714658
5.48425136388073
478.4957239484552
10.044918556338175
4.3715888569774535
5.265193048673055
14.593216535821483
12.081778709905052
16.020337603945563
8.014306331609035
22.376972214700942
7.835922686932719
13.62605770480701
15.688640450376084
0.0
