79.56597823360805
11.95375031862801
31.98534820223678
18.301038387347546
302.0234772677963
5.167520265637378
22.152403974779745
8.755523323105592
2.495351326482762
8.187159297924737
2.0720027934669503
14.760159431793028
17.594977929840297
27.720751053592025
21.548205518566434
304.6519812963884
10.180945533442028
32.97379366415878
27.825520856982735
13.962062588674286
13.014016236731095
8.006149360269262
21.34531058200615
20.05394056257221
12.81755285287224
4.048558923520133
2.488908695910567
3.9141937694869
18.053214708916045
24.274220823003134
3.481863029848995
294.6598873405061
17.611185903861468
46.666977761621354
14.885442869507116
12.87189761482557
19.45424367653449
3.5322558089792295
6.782134748522267
3.2148619608697544
13.822368108356486
9.125650041732072
16.87137640456214
