82.67800048738187
103.27515928370036
308.75320814693555
134.16559617816637
35.35489625156751
90.49201021710012
54.16071118163386
17.57234016456431
14.149904472064321
2.6993900459044795
27.200630495682503
43.9095581959413
5.731840710534755
24.49871741189982
9.749151439920666
5.775718085445632
12.830885821469167
30.402978290308567
18.43644192099481
8.156112992383854
11.955272007281891
16.563222882426416
21.594012173739955
24.007442759291422
11.905005559279246
22.658711532098152
23.009843642281126
36.82223689199853
31.08958183245133
23.40999695246657
31.556012581028924
22.16460667879379
20.472398976203564
5.753179260162298
20.031139967012734
8.314199999142772
10.799001495387103
26.419190424031086
25.626401391407782
17.453306870551415
7.034166022074558
0.760090713417469
2.5726771303701526
4.39540218952969
28.08537807461515
378.7068596220347
28.90567368451221
72.50503835461747
79.68756664617922
17.028304476135546
0.9916552982956972
29.465965664620953
57.25695025017893
43.492445301254975
41.12709805396604
32.25195540614861
32.41665419799121
