39.99404230848192
55.35351617904533
49.98257282937402
50.49273949138137
42.64603771243884
12.38303379542701
29.87014660002842
33.28791352264909
30.518813629010396
42.61093959849299
24.5242238348209
49.70619240001635
27.524599329623257
77.87155228099604
51.50200501711008
46.27783986053129
9.209694725883281
24.9690263267118
13.61371565640249
91.27217282228118
1.1845471054180763
25.511195581101816
32.18866408917066
48.99740525821626
76.58836371328418
44.80525060462831
38.00866036467613
35.67814983855072
72.79757258168277
30.37913057208577
10.420050131924398
26.76100244707179
36.640112875898794
12.1787109505197
22.551339935833568
31.869338331193106
41.8633192634432
6.304683015534195
34.19996375452753
9.875016865313924
