5.698462360345303
54.93719813723976
30.261748877078617
24.08240787575761
16.388733950611282
19.39702566971104
23.977526589537902
4.83125809989393
16.39569878995681
57.127289459207844
6.647266351835071
66.60002114113722
36.347205278280455
7.771430038470385
11.16629808951987
14.967083228371834
13.003039675288562
75.82775718324946
10.013861091209009
11.173940966246022
8.562783563468173
27.365730804272204
10.307402107738355
9.400162280304514
15.711802708101999
14.85804007378745
7.688931747724467
72.61733836005104
25.591152166160157
34.37168513944707
14.247268730654795
51.94217665601768
39.692027122734984
104.99787148868396
79.0766248443759
14.605699789014523
32.59469674882169
46.47309208863899
39.225395188434874
14.868977957788076
5.594400961850596
23.374428540153986
37.32552950559122
21.949178558466457
5.222750281866823
24.646484055994407
4.214506521235677
4.227210049291784
38.661890266715474
11.60322928475506
23.915051079145897
16.40073845369156
42.46237338218022
24.62609667183048
15.450807195148201
28.386974986392417
3.246981565488852
