32.93010596588249
62.48642180993642
45.277015663833296
3.6339016919827714
39.592149397923095
27.531226614418443
13.842587872045357
24.29613661087494
13.932716442393712
51.61822394873971
61.165920970074964
15.327062410928903
16.230026900879565
18.933608533643138
4.763253523197989
25.654639301125357
6.342031344315217
13.561648941678044
11.332262959642193
53.03527864534513
26.36043596133038
44.74016692347327
26.30188852236094
53.19993550436472
36.31072782898565
26.511924191162578
34.242442100192235
35.281128822164916
4.025399812999666
25.55095066143575
25.929939548113353
21.792317958973726
16.34486051083465
58.834423044961994
31.19313900290804
40.14905627793486
16.823380592707124
8.59379321162723
7.664722639248623
18.261864080076492
74.2026584671779
49.573944897671424
18.340989062265635
14.531133575562151
31.474500770489016
7.283113555537071
40.25063175782094
7.780185265969351
13.075901179017023
175.7822483706032
32.804556209352896
26.406407190634624
10.950234459126477
8.951585599515298
7.480388237168995
71.28731203300751
28.31899563087518
58.252321492889095
36.65218241063522
4.32399348098447
8.951750510132626
9.265511827143598
9.870641178135756
470.2896064230507
