61.469316520759364
15.827895878703316
18.94305049526926
13.378052389565937
20.383154901233
192.07936134691485
47.75161317416179
10.55065039388478
10.410703972448204
52.14365283284191
7.427881336733265
34.38096598718796
40.300613552382075
12.857031514271426
7.2463472292593
28.04896667878863
12.688658389867342
33.34885838322275
26.045343003649762
42.92308699969371
19.960003362493097
29.266268886351497
14.709642110292592
14.735614762725959
192.66927928955977
1.3590736636126906
19.471914021103473
8.186544945237358
13.844470425780202
23.092276817401185
15.488367620557355
10.064109610645872
31.652140333505656
2.3196997677978715
40.33355080021143
10.6709849492199
17.10530690229203
3.6004232940967
15.519827947442678
18.266690193378594
11.105496973303147
5.586757008235651
21.348864657750383
6.56067940064176
1.854398329767136
13.759330392356347
12.933128897646498
4.138810542084315
16.513391455217814
25.53724063642619
25.698798520849067
55.29209709605834
289.8382624258235
