5.555859176565093
51.224096674766216
16.698338535858568
40.161701000223175
9.625259795719714
18.107185362445065
25.579634086516208
6.286578155966225
296.5997083045626
45.559446636984944
18.357759119257338
17.80068849538003
3.3309987542595394
7.16130066355241
212.96339272510897
42.24606897333109
24.18874608987423
12.582043008992684
0.0
10.997604088383014
21.090523792110844
12.492603870681563
16.07672390696507
6.554431494748627
16.77907409910435
18.353113579656153
214.88796335014575
20.792339489893436
16.546759831259095
25.71705511489678
7.043929756633375
6.550799378844488
17.940810774409854
13.024055437216731
23.616077714258495
9.318897693341654
270.67259482590964
9.651234133876997
10.861375195935096
61.251909875519786
10.89570690681684
30.24897582679891
26.64446941762735
24.79550643079878
31.54246226292119
9.256914794768463
12.271192808700874
8.741729676564802
22.523270158052483
16.815429930992423
