47.7598802481653
89.24555016663194
26.569470290219584
35.08642262593358
35.421273292648635
85.2813094666533
47.16858279907507
4.309879727380377
12.606518810498713
31.22062892610046
28.039004562024914
15.608247885608733
31.98523552921374
41.34166680024984
26.852963747158782
41.15187428301357
29.557471092021046
5.770353687258449
19.85927754566191
19.130856940898553
57.537504362271946
6.229592336492573
20.463543550602935
37.1044239219443
42.82198316225576
42.07814787721961
6.5836147662684255
15.92851232730527
3.2654388111357378
12.767561987326133
41.79439811403694
22.598949992348366
61.14641615018779
17.908058808146734
34.73127111614815
24.57235427192016
5.409369892020337
15.848072272637609
10.329245204257859
6.185109853766278
35.58183126646966
35.997212132409885
16.625623739404645
44.76786910605439
42.808930107014916
54.044678724704795
111.61157386960835
50.70513447126106
59.39445874430925
50.97703025754474
13.643802447185294
12.508413546636518
17.879698212556306
27.31253547992867
4.743201800269446
14.401536115228609
43.80042112866448
14.038934901788437
37.23172466968947
11.976623281919714
31.618410766748838
42.11290623968944
92.83847009068069
18.450930197859805
6.67455661116152
30.34258534161326
39.66651676864146
43.3445965545466
8.889420284307747
5.404430014024555
31.903759241564146
78.05334601784187
87.08233195110199
69.5524726512292
21.95227638059987
49.90314267682609
33.52531483792855
29.8222174178739
9.031911673474227
389.8086119586129
37.65753278049783
11.268808571640733
4.107509608635425
13.296672938409742
11.114705780429858
58.94018685685421
56.080928169671864
18.179454141959724
45.97594183632451
35.334340253879844
31.019908241174562
9.43803598210637
6.400650703862951
3.0049505033639434
13.637530561739638
