42.272976843015414
249.2003133258704
58.85319260026273
69.13816011568588
34.35354509223754
24.11280748016665
31.522494046618675
268.23387785014927
13.163339468499615
17.881167803877005
22.75875155547206
17.38015271628808
34.97459385259566
24.9442978864561
21.386231817526294
29.625793822626875
28.461448556996373
42.37374855865153
3.057685090808647
18.64241163640446
15.495919586173542
29.5394340026059
48.21034390378583
17.019459367630773
313.10204203193194
11.81255407543739
27.77476986986818
12.138378864382801
18.580625026043762
23.372877281702145
28.19409922956116
49.93141812350609
6.522014842835546
14.994911294145865
10.293121975160176
