108.42110562110238
19.98470461740348
60.53860486623125
398.44868281557876
44.47511539044248
21.14480225157763
23.852618629714954
27.644222197617353
30.36647688396151
10.393580217906305
342.3860053643357
21.366420956104662
41.24171547843859
97.99175935017692
23.440972313282515
31.380792658427765
24.538586319181576
34.62942787548741
13.294507884421193
50.55095486246702
5.460246603046471
21.131123854568926
53.704942051903544
23.697786624635725
14.601272905436488
326.4153192884269
20.843052490417918
10.982400039726727
19.23842671706379
32.798659853862276
10.06987793437915
34.59304237946914
11.539355986884033
5.83459289281744
19.86147611014684
12.746086241583711
16.831615366485863
9.24800674352754
