60.68200648413165
98.30135031121598
5.4379900432658275
59.96592525137912
37.817302122337836
11.25749282491364
8.041314883646976
42.939878823762214
35.53390639619522
29.666338800196257
0.0
15.761695087220602
2.8813638781184068
27.197659186809076
13.888808939654979
20.249969495159434
8.345737521728608
8.485317199586845
16.89714397038567
14.924389629355886
13.134189448191023
20.17551630433016
62.75466484071261
40.908103535812174
21.78248744433114
19.739827725793376
20.031850110680438
4.671237895834508
26.32912679846777
5.807596201427529
21.210489147442388
4.933832897848305
