39.55964478511153
32.70335688263299
24.809072193065845
14.590275524676741
7.095500724939853
21.152269472923194
22.052684504890962
10.315388410183502
273.94003712371637
3.785465476467735
26.419638396057024
23.213396415321682
37.43171193643197
4.248136891278023
34.32220415768538
15.658950899220187
11.824191441273896
21.454808867491693
40.88394920390148
11.229992766667522
4.650423844309046
6.3995639084556615
25.141620693925887
29.16064747790574
13.093214438495536
27.122007573329427
26.015359877070523
18.863367746411086
25.712535862614374
9.863698214430727
7.81268004424544
28.331739211600535
30.861146911085825
8.940090659815752
26.19507483806207
16.605912712361445
5.96754669048822
33.52578632641489
15.193546388072932
9.669023551940114
27.35655820864993
22.040844520312987
29.381808973312715
12.979575506841769
5.048992170136941
8.390102325598193
4.8185890107987746
6.304914867435244
