11.432031643536405
48.148567606216076
16.273645586299097
3.39380598761916
3.2529214232204424
8.29381272554457
46.096427007617876
14.925225431561842
5.485358458652698
1.7693603347337898
16.76568870312002
3.8148243140029194
4.2517214261297624
9.32651328114423
5.2469044489328525
10.560987254213984
6.716446146460939
8.212803598853526
4.994819291870741
12.805745392137936
19.51602685414825
44.85892675912096
23.27063632865638
21.128391373534782
21.358866706959233
6.707144209862747
35.85510523857904
17.521976657655145
25.8071070076563
21.935129020249263
20.497138010673552
7.880294036212021
37.27870785291826
1.8069220043575172
587.8412937248421
4.3413622451144676
6.84628386576874
