17.337618465984036
192.9665191409724
43.7217899164484
105.93324065380621
320.43219101272643
85.90399882906502
62.08615989410309
41.881343503501
23.157369293852298
37.336725323104446
40.80511873567053
33.5887221816521
53.413510008712024
290.65858339113976
105.52009224478343
71.6556887817867
66.5818178546709
35.88633958489251
13.71671060858229
14.477815992651657
138.58241040577593
31.14293258345785
57.09883144323625
24.594873762764195
331.6314179383885
43.894641500525466
43.28159742232745
76.75470729987762
34.93350747881419
11.907871540221777
19.513363902872257
24.71328095485093
66.50733716678435
13.7780731376902
33.549924748806674
16.576439222646357
2.524756619505098
326.77377568374743
8.865163623736919
15.455259281475875
26.117671110574847
