108.88173690535842
34.18543090649101
117.24689048732567
59.776367837829525
35.38516937175005
66.48414442784483
38.108472079345546
13.688497011502932
6.8002179912576395
15.138509949973724
26.965190277019374
29.35528610158164
61.93231933918297
43.29747502828212
103.49446856344673
101.17541298732519
3.9325900737722748
13.032572391496544
17.01802366597856
68.80848066171399
77.43017394871178
15.109965384493194
12.801624606224308
0.593515694468465
34.09106404750909
16.68238188351377
28.441362163993304
70.75605818874683
142.59614581999745
101.12534743846467
61.80234152972591
48.19356908060247
35.364450966909885
93.39980917915283
12.22166489935573
24.889680089677213
23.451631137963474
51.73162846925675
8.609888890813608
15.24352519868873
43.2405506868331
33.79358726597178
48.84218250283891
22.944068836418296
54.51695868238906
50.39735139938355
10.185080780757062
6.755767289143137
49.88175019487204
19.988005870421617
216.373182423931
85.11713934703852
55.765663679977635
29.528401158378713
31.791748417236974
42.45926908110559
14.732702595456999
39.33332786775884
7.101830725021813
6.948027982148062
