15.926679741080733
25.798090844160612
3.8533997596044713
374.9629186542113
26.258963420062187
21.595733114235912
254.1933564203306
35.93189690131388
15.810059673334464
22.01794597563446
15.616732345379816
9.382687582391483
4.821075415414768
6.910360992252507
3.899203477710074
15.492813233120685
15.334372195244512
20.242879756330495
323.6768417390241
14.026194958398932
7.582384971230994
9.218447438469624
9.414905216028913
6.961628347880605
8.369559294539656
18.165689548166256
10.869867230906877
17.686171611948694
7.13290775805234
17.493356245772546
7.8561579955094345
10.766495460296255
1.4282493053359104
17.18010641154352
4.430116206182689
5.808488570597177
7.804435494654442
7.509404892959807
22.469177294740703
1.0527352758594333
9.302771435852591
4.0416802608637425
19.886214025327874
13.095908124032448
5.42453787801179
22.311336246928875
8.693850544931536
2.6689789095624548
8.565215101893841
13.423677104975553
6.943526358005627
2.337330388463954
27.706371112178147
3.100425039657452
4.150583516399806
11.786719641231244
2.6913810445635136
18.051449584910642
7.398168810693605
50.67701798558038
20.27044149422963
8.462530961351234
3.1016492676512684
6.529131697912092
17.618380735476265
4.821271423684962
30.20818313528389
7.0705410064147145
20.828819743904162
19.896677217971032
8.042041784888042
3.606857914775347
2.662259209013797
12.919001521386349
26.662873588097824
21.68951903878005
9.387619905557003
12.137918360011327
11.532544942784313
9.699582616353723
12.877483760968147
4.538933741794779
0.5399358162876382
10.171328288113372
19.543571506955786
2.7459514736872137
10.259995659226547
4.845815193506766
12.336741537133506
