84.8816169550879
29.573051460867447
12.990499979979418
30.955844222563044
37.80976605611359
9.079059394236154
31.797410836575253
38.51791101344155
31.203874680499553
28.685075227119427
27.408442198921037
13.849151500693168
7.345475698501161
14.118819096696598
13.728919438169967
7.455191176446348
52.32269146295263
43.18296358621336
8.01591443170858
12.13608417037942
37.13850593977712
24.59860401124044
12.345867788956355
19.522426053815877
319.98104394045083
67.38408201673444
17.311682263578234
39.07943795131273
26.001938119293087
59.54296151786653
15.828358808825385
32.11469548537585
14.235357546088792
9.49910591717763
