45.06587368728985
97.35642146295717
23.85931177880812
27.383375673418243
32.2276330776462
24.214877914381958
20.48413873547362
18.80382729020802
15.970399517572275
28.741084255685365
5.942633979227594
49.06124173081071
28.74836658754458
46.32981177547721
8.972477014278752
25.573735658253128
29.934777633193335
9.239190411959967
21.26788631528528
10.153159945573535
18.72246916965112
9.353489132353758
1.8873542541597317
44.16527859702943
32.177814558315234
12.5279498408635
24.143090360200176
13.040041576094708
0.0
