16.98795544597695
20.338624151740817
61.42316919645371
27.12926372180567
65.9383181747476
10.380162222940797
32.5045137786401
31.64932031814847
6.827286320145433
1.695958292048715
2.1189308121035424
30.776231152487426
23.373998201722515
6.068046489221189
11.002237271586367
22.905321164005827
50.87170599410665
16.6609419664006
29.37865945021433
22.5121958105684
9.774633985469507
14.677008339271367
2.5084671852101508
309.5667071083673
18.933248288308747
16.736253828264623
12.444617972064336
4.341864796314894
25.547512879736573
7.973991329226166
22.66161539533472
21.14226680039191
6.703500528520095
29.251309366843813
6.720161087728442
9.843615848540793
18.04337857874806
13.186642698711523
18.916999991664184
15.004639190949334
16.1683300123873
19.411356153821487
4.2602332188002805
9.534549367958064
10.283309151427005
2.8680402760822403
3.355459904329564
