30.958867283019217
20.013060771702754
46.40828300727321
4.242171494579395
30.23190710824953
27.227001374814137
15.937633003630879
11.131393279104174
10.303733922994354
2.806304653408972
10.533433745108667
7.339580112093529
528.6957597997199
22.46048781981486
12.66809997540578
9.93824249099994
5.461641398387414
12.448466267259676
7.599901022975118
21.550633345456973
21.61055451229447
17.476073300415294
13.323306498568641
1.4083582209281076
13.210717215488714
18.967567139876934
9.34713689027194
26.3658423855683
15.262301151227462
43.432421786545774
4.193967632328551
7.972758932557937
14.104803089063807
15.964576323187956
1.7901599703573083
28.907152353194505
22.347366030750152
6.944921302817789
10.86874094341114
28.03224845234
7.648991189988337
23.10319386097568
13.710289438083805
6.445704297076588
9.097324337396174
7.078550726340453
14.120500228850489
4.8580514719078565
23.28394204028932
9.422337925648122
22.56212393579756
22.624222319465503
30.639647484391844
15.873649659705848
29.563630362105087
8.662051456178546
8.214323658598971
18.838942307333056
17.649902754910727
19.409444632411663
14.528560092354539
1.9096111422821735
16.184659239461098
8.809435705076865
236.86480920097415
38.4356947020176
15.646802742787841
31.664599395416445
9.579112485714845
9.521263080673592
6.4554805141062275
260.1898171614703
24.059260364533785
14.250569028327789
10.229682077245982
6.423629170706178
7.781651552083332
6.55725570117005
8.143723431525913
17.776719440586703
0.9020551258605991
7.62703583879707
