60.93816579700997
45.81631785371715
97.25022822617252
49.86405370764109
86.3515660168916
1.885828009555496
29.127456263236212
18.059341618735758
5.113294258951669
28.665385917852063
24.471334448936418
49.27405361031043
65.76040522910759
48.044774742418696
15.531610571405963
18.725728403799337
15.6250893078345
18.578143155557996
34.29332576965794
21.19022466729281
26.101554359183297
28.203604417946565
34.879405176615734
37.954274473351575
22.690004948500587
41.926711019940626
24.757029985093112
20.53592753502943
20.19432578937284
12.256325861655526
14.152656951860621
7.430546301352635
