129.75108426698915
62.631439299045155
37.52605267120747
32.25503780021553
4.314234409795034
46.851680968009816
158.16642220011326
93.67546516424613
15.889032225146963
42.082547330059896
39.07009688860926
40.85005849473431
7.362675013575242
10.765454780012305
14.392915883658887
24.60851043696003
15.307581484988845
102.8962529418725
10.90511309486594
17.295427982103917
25.399095301078347
9.705489251592695
30.469314236010177
11.552988400667061
35.78891158052254
76.65286080442807
18.848483668487546
48.031765828667616
11.404065985558503
13.631466548466392
29.683574923860974
24.48771393490462
44.84075774238333
10.054394529065135
8.683763706982077
28.12431247891844
12.431035603774149
21.39216904448918
27.506064420824572
5.596452467841544
8.607830953175949
