40.08306952696047
33.77824744115952
22.655939111203992
90.40961261781915
7.888173950199814
34.75035758171225
270.2259173077743
0.24881987087486834
14.665262938620543
27.259516870242464
25.2433384985832
32.1492708874315
11.493584331966574
24.90014967852163
263.45817284960685
197.99399669993716
46.08263075939104
78.14116825623911
2.536730829111832
41.849374452078195
205.9251393440341
92.88152650578733
9.123018397414938
18.56558918357362
26.546691470049183
46.246428704581604
49.14133885470544
15.387026528854932
25.206011941128622
3.606175331861536
27.45687405778982
12.993799403660802
24.60148358400133
25.181786021405117
79.50294097061612
35.22722431451322
19.093336757662527
11.135234292421984
3.2152948135298516
16.347943492633163
5.227240053199907
14.7091851932759
29.7590956299138
11.805886088276324
6.602496367844211
8.989508338080569
34.25556185380917
70.23501578091452
27.008276552885917
25.84519827528213
192.39166538774344
67.64749901409749
32.34887634438863
50.90042998209594
9.914952173277243
40.88749940788608
5.478669276181748
13.059615201221717
7.0135155448506055
57.29297035609527
32.75240520390547
10.85320213071627
13.572750937969062
18.705018904794684
58.473775033160024
14.814188566167957
12.354431892338283
3.4582263284789008
6.862506472872425
