19.076882739233753
5.2009576395902855
44.74048425295706
98.04380418556948
44.57240170077455
35.60144724818768
25.044984301487816
34.647911280991224
40.38231753540299
14.50205574860314
49.24931852137988
30.397586796470506
7.255177490622813
51.20269550964957
37.72858983615913
44.54047343765302
31.580150957528048
10.459129815269876
2.4070829270713148
3.634454611587671
55.88590829961332
9.843798104720946
19.1475687021572
35.58379251694517
20.284268390469876
36.41101859601619
304.8147862373206
63.84326729459673
32.57208207144329
10.737820243778401
16.6304738770978
27.094648274461676
47.54481769349046
27.130687123971498
1.9793348088797416
10.184829091541076
25.763459622609687
20.80989159583494
