15.902372060226952
40.422797104130865
36.125690735541085
10.359296015505095
15.774283196997644
17.334350549454854
14.166043808316829
40.624790949802474
22.8686036359738
10.702002256254772
22.16056530006395
35.79128556822924
48.72427615814786
71.01157760067302
20.34602503061255
50.49955978169368
29.218552642697944
48.44345820458753
3.090476611665906
23.828790775934195
2.3721656439507512
19.83774717197352
51.515202681527384
24.287042279852187
20.022983944049102
36.34059462079637
6.0106637745594895
16.618287296583603
7.344989481972448
