24.62903289354101
28.424777114494276
44.182392058053125
8.474293498527643
12.587659709838476
30.37522211831012
35.487776439475226
9.427328836604161
4.163836079051933
7.178951415317343
3.2747198956321455
21.718651967726515
6.951484360596652
34.18952718336159
20.59862075614089
22.49310666591346
12.711252991708832
8.939744456932104
10.681854021211379
9.022985433534174
37.36496148501013
3.8515757676435243
4.750832809280922
42.98014930668914
85.09211745917233
1.7170841186837862
13.54363869897442
13.350622660258082
26.66279807427908
0.11092654697580429
12.30348341982942
8.24954344794645
8.44397234911483
13.676679826717205
12.612422749538467
9.154091572768863
48.87347486380749
50.99917292346433
1.700774085583305
7.825252515362109
3.378310213300807
12.03716278758587
32.95601639809506
33.16220075705179
7.2433237059529745
23.339292677852583
16.831814507389936
14.660618097632153
33.46374741586335
8.374763896258912
7.432911875451097
3.1932635361666684
32.1176574528245
14.738927807642511
2.30958265855611
38.35730364999563
7.929359065386848
11.41347556154534
6.415713527637223
12.892340528448258
9.112414772270597
13.5594139525235
18.56106333205672
0.6675330250463674
18.369874157566514
27.389281037572147
32.30773820425958
28.299822243921724
3.7748400221984184
11.16244697746069
5.56809978186304
5.91755665340024
19.244377019493157
7.090395982893668
11.485755278569627
18.13265959749772
11.644453993979155
9.562311288041784
11.0574927938504
303.95619424909296
