101.97001106624317
192.50200665483695
11.691992863413873
23.616616593857714
42.868871375429535
80.47086974566689
34.224323935214755
33.29246230975559
55.305745301801664
38.961803510500786
21.589841047707537
13.410881256094783
36.39028199439461
18.276455518914105
4.449030642981057
17.06402150808566
70.74263526669625
31.801834723380978
23.061997265813957
2.4891615282222403
27.4198239146601
15.75137878970844
36.424860724898224
30.480899088785605
0.0
44.104513227363725
22.415758573804766
35.08040029814586
27.255780908299712
16.42296427825127
18.086057752541777
17.5455331573106
34.64465225019583
42.96521437869123
12.952964935303669
44.95163400933458
39.861780118637185
