7.122519603007319
45.523696242127656
4.647922981442434
22.30591601004795
19.987360977370386
9.198524996188695
10.170294860941226
15.137149535638017
7.932021143575
24.51197868738528
15.146428030866929
7.322600552718114
32.80958734258337
5.9050031733967785
302.8736743583753
26.530443292779864
28.030188701129575
7.514554489262679
11.045129765413208
17.675333942389827
8.738368432926606
5.8686104006107485
25.703762565577264
15.935468854698044
18.70258100417081
40.16127156570431
12.523808146709825
19.03596922893405
16.25477116764742
17.06962842793176
12.237054915976572
14.416909926132305
7.793758108039114
5.085209646423706
17.76245945387599
7.2531306332103185
40.84695936838085
14.190372661063265
0.04262942057302155
6.3521048659364965
27.129283480450212
6.3573888474838185
45.13781156566442
16.75122137482151
20.164885686603313
24.273193925746725
27.149970161805072
6.638348843021674
39.086546924020084
13.019526095609962
18.8881666884523
13.859682552978398
15.81543833372227
21.30008807134523
44.05384755311255
6.291773896035366
17.4987244295922
9.10540230981438
13.667799365184194
13.546590712318803
18.017752532218196
4.256555459180845
13.067720767603689
24.387269731100062
5.425505329818023
