99.4692677647746
165.83802914617692
9.878155086785512
11.213009374949934
58.60332351602689
210.11983739561973
63.91310847904819
50.5550587114068
15.764517296129569
11.538305756802956
25.144384420310985
58.744015322829
118.47819122307625
20.334556531596462
8.591119379882969
14.001690839070932
202.75998210238825
82.14567267530782
22.5974173545344
61.32054561645319
7.2440097277625455
22.863434771191777
43.62661089763044
31.033526320242572
75.37296481738895
18.10437531732778
12.348335530077321
40.57987289469813
6.361055721307196
12.26766570242043
52.29311799856504
21.219281611539586
26.417138827020935
5.968836102453807
7.963735460440176
29.9488824616124
4.808010424755736
5.905459387926314
40.11042443963041
15.332621250685008
58.34708820808976
40.29827241755322
10.853945766699951
93.8132690147056
18.532623844465405
55.38185406070684
19.079286463453215
41.0807251090563
8.379642038578567
44.900490026686
52.84934074780958
83.39168519251749
16.405793576806772
9.93032967404136
54.11195029074079
71.81961912617902
23.31149723579466
50.584591785597894
259.9007095791357
98.80417320684286
29.747373498624
49.4043231786566
9.716680627994918
45.44381941012057
24.84094325942577
56.61993015007198
35.4701352058874
6.89639660089118
19.437703033822558
37.53257449252715
6.389719877118637
26.68324772697089
12.146925318408734
0.0
