2.6307602049810725
28.980212818562734
48.804731025890206
54.59568379829932
17.67989194758914
4.947693643275784
29.5158187398725
43.85071059319023
12.781023157210143
31.304167439678523
1.7700442140139359
19.69556522939287
3.883832841357986
12.505736303865547
20.312842446713404
24.579214290104588
37.668340950784014
22.404550928424314
15.318099385149765
2.396022257013044
40.840931400043516
27.11763155320216
16.564101628090867
9.476362786503543
19.45297224352018
32.3396776878172
3.718512708790186
30.0219927673448
0.5793282259970738
21.371754787648158
18.062975583958476
22.136747043177564
12.519192072708805
7.895891533967401
36.57196100205428
6.024359126643418
33.880296485032915
19.295378845012152
6.061552774937837
30.37013385918914
20.713452599386315
19.15788133688409
21.41861174633226
198.24539877312313
12.10425749859725
17.79035080111865
22.51791103884959
20.1457084259103
5.249882073551532
16.06450947474697
6.810980377397783
9.344454074423268
276.33199046337705
15.61640437133373
8.83879185524421
12.641128916803183
33.903625951716506
35.11770172031521
17.49057480190561
21.82345550625442
6.031847124532291
25.963479738529585
10.558454045591219
8.708938383469032
10.47715441665946
23.60375284126043
21.653967506126932
12.911797704864583
15.893993397330007
