43.336600693661666
81.46278820413241
24.16510388453358
77.36909881108573
27.94027609804749
17.99770640268622
84.8418926690101
62.01447286034221
25.439105181689172
17.356086022580456
4.2864582977706505
29.520325677507344
81.47951888426924
77.41296633205872
42.02734538423644
19.858435596061597
36.796463411201955
29.167444303320934
335.74757316062625
35.96464773665359
7.934313797298046
27.197633797610436
12.910828131245097
11.919447679897559
3.567008341353983
14.4863064879641
9.322075457614375
20.662763213724702
10.147700483465442
22.61322939843909
37.97015210055207
4.033959690116106
18.03897853861349
28.653743965711627
18.619657865480193
18.814043877229167
15.300660839706438
10.920195729542542
6.420489810469078
12.473667043564816
15.385235919518536
65.23050092667944
