115.17829597649458
82.41473384638027
49.37842727112141
25.01776341701904
36.027740857280335
79.41485460072889
45.515839256373425
74.22767493412586
22.312633654973382
19.380010605997896
8.981992630698045
13.651520928216144
9.724354551641
385.53401630789904
57.20093577132613
6.390621808713917
8.273616312325615
72.0407459268333
21.65871899923573
12.560754075968958
56.54598938241661
11.000689093346551
45.98955695974685
10.487851742083507
23.10148418774071
48.98001312415042
8.413220875040082
14.076029214168585
252.99764619864595
60.127968839690496
23.64364971961109
17.8395067723217
10.219203012356758
60.24916918017233
40.77234335140753
7.588476727225171
14.144684051441942
16.95803314155924
43.177802740243976
20.247049517863687
21.200399036207216
41.45216473194692
25.594369219613938
21.063186517609537
16.995621507741006
27.051031867513046
5.208855186963291
