20.275670094106616
18.738143474534127
54.92173390024479
55.20619320399558
242.3881386319091
49.32687677594765
19.654592888805922
31.88227769541892
73.99219485269619
59.850309222413244
26.46132763845449
41.390503411616734
20.255673201948596
84.6651457437601
36.54181882646972
27.88691355593349
10.323322468842093
10.87586057337758
11.287817235248895
6.284501266850157
33.85570948985985
15.949805463066255
93.18547185502754
13.687456711101788
64.3270781814096
188.6572138843478
11.69407424491422
44.13656372299202
41.25573179712747
16.722979062909417
27.151182347003754
24.83872463455441
22.78712908600646
0.0
