56.452652648591865
77.75798718218051
13.180694861340086
3.687537799771036
10.98337844199969
22.704910638106583
9.255525141478074
24.177272425497748
13.175779873875712
203.58625637744248
3.501821469520607
9.322585529399532
13.580979653063451
15.98292742291838
21.680624791373134
13.764081992635184
18.848759722176638
15.67210124116339
7.537759007375129
22.73285816956809
16.06390857112919
23.125707418964552
15.401962639728012
45.681676408306274
17.798190683600453
27.250829500880215
17.9977916907758
21.467670726345702
52.84240134170831
30.461851401842964
42.97451921126627
22.56127584936077
8.051569558551876
5.5668960641673095
7.623342164670689
20.880818974830817
25.159480507775527
3.5490406762941547
2.225018980143375
6.55609314842151
8.534187328711525
0.6842131570531933
19.87501751000481
14.546254525032865
7.373194568586186
16.270218142631336
2.397322847992271
19.01831446151229
11.758976941320242
9.377528765044033
