13.263398673783527
18.961018615255227
54.387934890728886
30.758799398232128
47.32200973138032
26.416019407769653
19.863303008741994
43.35367546134556
42.234723650977884
18.700184526997603
21.030868742981156
13.495642004810634
11.22432971649738
19.569654855640906
14.351087762510318
51.80478003704437
15.004113535030982
50.36818860792954
35.41527263519694
22.404471697614866
9.720821887572683
212.527458768408
34.24533773715224
30.83865523005926
24.580836136721047
4.517713725993119
5.511958434859068
11.928494794687353
17.485586068623917
16.99250539176016
22.884613037915685
5.92875359313571
297.4429850225953
24.407874203176135
10.794216311041083
42.756581336380265
26.332297033506734
49.193892042604915
16.75807924851317
21.231627329523164
1.2718395343872544
26.649578048943454
17.316766894862283
22.732426115934487
36.22099146484982
28.020812809771556
26.262695765107907
82.89706562421388
28.51973247830429
23.1197599492845
14.103730465793674
19.648291651066188
288.3585517624638
54.53498349737926
29.700707256575754
42.17694113283119
12.586914315681597
29.25204577234065
268.2350113540666
11.346926637737525
0.0
8.287328892862476
