2.7280749518888
55.443087221250096
90.0609858232156
26.153427167873005
6.643982424383623
79.40088240589226
6.2271560802029455
97.3290428036484
21.026838974892485
40.15894594604369
24.6446434569892
15.877626182063693
22.69098094533331
208.37232403485348
58.831515849981315
47.04207135946737
289.6305789267284
12.163734888411241
29.609172451786776
23.519536050975475
24.257598927694303
36.90275856641885
2.9225363061155605
14.442167089872541
9.20688775781879
30.936493474269582
29.157392000732244
12.593546432069687
8.430792212789981
10.119590864410881
16.452321474252585
25.704879566704406
13.92394128297461
15.598167983229686
8.010029998833886
4.943492943425284
14.801755905264983
11.05098936570407
390.06915569175266
