44.951104028462396
8.493446818052192
13.022555091413224
22.598593562752768
328.7288654265713
25.340959036102305
74.03955256441908
12.429666115226127
38.705864889864586
3.1922524365955667
11.441363505161647
23.1568640773297
6.657823407165139
13.44230658927907
3.647057394287458
11.43912612968613
20.650498274533888
7.262518018969459
16.27114862156155
0.7709030539828632
7.594249162547513
10.283319990743863
13.665442505044751
3.6273014294462342
26.704398625113114
25.79654916669395
25.19962895948086
8.874389722353655
16.00184373237954
168.8782556759096
36.689921701180964
17.263926303659048
9.51869319087642
12.624838491426743
0.929129656592778
11.28609097381974
14.607994078008787
14.453728734361349
7.831897755466741
19.47381031362859
4.150150725240792
13.521039583353144
17.53102594602919
19.300353672846185
9.559998311906057
9.105666894254043
48.49545034952723
21.165874027318893
15.629493751936565
15.882978384437337
13.697217530334001
18.210041372621674
346.56750957077963
16.545314590772776
18.0199676167704
11.570762342998947
52.85903341053928
8.071966394701974
5.008738455023945
36.69097859102931
11.697940950654981
14.553428791020409
15.662287525935227
229.47048528409215
33.220136277526066
29.19229356574614
17.06850674586056
20.65759413144417
40.415310160548216
29.215604286040232
16.053499544255033
17.436194487360524
22.899121159008843
31.751825008666273
24.37414539192841
9.236501215927547
7.443609393939624
7.8026582367382815
28.526760333867472
9.276580836817232
28.41841328561192
18.478679044390816
42.97206896601163
39.36189697265776
21.512040918763844
17.621090167386214
18.73762420281568
33.06183356091617
19.993924361777403
44.127839987054884
198.67246361586567
12.957243937199692
24.484863923981834
14.504640029149044
28.526264003907727
58.30997271396565
20.511558860818894
25.645532801445228
26.055071479891282
23.75185871536118
39.97772313049117
21.267803146999995
218.07010413114267
17.87122807706824
11.75196749499301
