193.19759306222133
119.66855027502595
18.452471200126112
21.415388556326363
15.752678336921491
14.33736660767562
8.794589832293894
4.407560666076861
305.33369678369894
35.217037039104454
68.58107127920167
19.54186787095132
43.87783230108619
24.6274526290982
30.125582699655013
14.684811672194598
17.10094298499557
380.9973236940551
9.524262954988302
68.07422726198877
57.02079444669343
18.858948786061617
6.433839882279358
16.975655183155737
7.14776708461811
301.6160658925571
93.65485148580319
89.73215732595517
58.13606407493556
297.6225993750238
48.11082690596821
42.5847777613275
18.757127229438538
23.834564075841982
34.686582556272896
324.61052357177584
26.986928614728583
34.138312944798756
7.129848674105048
22.951433816319195
18.266328751762245
8.321954161024834
