8.129598584464873
40.85444624308526
19.250520219431138
34.97503245847116
1.634460727305381
10.431712405456977
6.378342491513834
23.822199703635533
4.54175685543855
13.891306622801551
19.91056238692417
11.323461551201916
16.83805344991518
13.021737221488806
13.801881518200375
267.4943560546668
12.869289674110476
23.805630399616746
43.024853028998436
0.0
7.352031835236303
20.099064315988983
38.628096215682675
12.649924593424473
5.539132801294727
20.654240767439106
5.911560141160862
5.987207150077211
345.7344097585228
8.149508360490188
31.84991321012798
19.46183790226135
14.454039661840596
