4.365186718549978
43.89595683579218
5.588053044501493
23.833160666990437
6.783090474718108
0.44673287621326097
7.439506132089662
16.008029941863796
301.9142001336505
6.564473726216619
2.5899843371185938
12.864656432024134
24.568777435202335
17.21437570102691
6.893384609509198
11.767432438929518
11.05346011715298
15.243633152175605
3.8066212091350593
6.504915694594288
8.014782390270923
12.033714423785156
5.29956612902032
12.317058908755797
10.23538797697013
8.6542989013425
17.09976762369007
8.290820418291773
22.16187215037624
23.864313786775142
3.1307517149168405
6.397011021868067
3.0898132443214053
19.019635991464625
21.35860896372509
8.566781748853032
3.564666584544426
2.760542875175645
6.244498034800316
10.935451773761159
7.998503078649918
7.1968002750250974
1.2267188001031997
9.356631447256632
4.0338510474781515
27.23419594107473
5.156648396069116
20.72090736699434
7.564634932448612
29.500582252941257
12.34159986322625
8.973828435078985
9.008799590342505
2.654728146679332
12.591152852105623
2.450311467143834
4.902270652332817
10.24181619097051
9.797767732583509
7.513998865597728
3.3500310702027463
12.687081860305057
26.863643600487322
2.198389184533397
20.780051762832883
17.84106795550008
317.9298978536308
26.113068716344415
3.2618539143118284
33.79438660429118
0.9704009942331169
7.6024897297955505
13.50089386210827
29.887821548401632
6.360612455854749
27.53933552452409
11.663965615007896
8.267921071058922
18.023960363834703
1.0114807347839445
3.628762497497789
582.0415587023765
16.0161486280564
23.306152900916786
12.201241082531908
8.571890789300397
6.499629469426395
9.05725734759055
8.673462925016153
3.0088056008891897
4.04231163124399
14.19077419943521
10.744169049926626
15.190059419555809
2.6880831216507914
13.1214131939293
8.754524090937565
5.077455904316338
6.87383476836537
3.882185238018849
19.34151050670009
17.608050801573384
10.251506322990053
9.195155594054143
5.157937965128042
8.853230943881684
13.191743017746688
