12.674924673460723
33.51261459764332
17.781764079064118
28.840221570087962
35.2309111418986
4.3864507523987015
37.058959253050844
6.091183555173757
19.32107437379959
10.057807235580754
24.056991660125902
9.162060002654727
24.27720711599403
16.755010419574475
27.794396089178306
12.321040104871102
12.602070129539783
14.423225619325663
8.380638292281219
34.56542467219077
7.720640749082563
20.675243938782344
383.2691947310319
11.2739269405552
19.7248885540578
20.245965599810205
9.957825395242878
7.4247959971581
17.95558285912776
17.928992736149524
4.816354848558419
2.3785581536060363
18.551025374887132
13.599818774354304
14.208854728386896
16.63712515876682
24.695590038322365
31.28844577342238
4.253161357710084
27.792863527526833
4.857174762585487
9.292093026036738
15.174076517841954
10.782493051490675
3.118554106804524
7.162560476805794
9.710963096697697
9.945116720504004
1.4287156501752065
8.91919790419044
17.65333789606403
3.313597402420143
2.8977024152113273
11.897728142091111
5.6286299658152075
0.0
