4.329584769745779
46.85024974622279
70.95582885901771
20.47471240552524
23.95798361624483
16.499193955617088
43.31960395859194
19.65138847629693
38.705929474387005
34.61007117643672
3.8286208273660947
9.430689624774573
11.243809097196504
1.3146346053562041
14.400854607940957
38.21759306031086
12.960647408468077
11.906678627670871
5.62036952879312
21.136186637033617
6.593842781933432
5.070902871347556
2.5206663631467876
9.399007648402744
15.85469123481218
18.39358032288885
3.565827359579103
8.816438533033704
8.204376253506226
12.981371855234173
12.399404155172022
8.9325527469328
8.997248686030744
10.817504274068114
11.693645347722708
1.514905113297985
6.062633880299231
20.11549735702114
23.042881593221168
21.102172780415444
10.395839938332315
11.117195372138156
9.088905075006835
23.08371981747139
3.060708134391163
7.085836818988128
6.294032967668798
7.559251045548521
16.410151128547867
24.246373493165564
13.166345230556317
9.342218347790947
28.273318017078623
3.1113144324709907
11.062211301036811
4.655197552522608
12.908921632297492
18.469552750356684
0.9692658610482283
