13.01558281956622
6.990799807645146
27.04227242505877
21.563719795903353
50.66922527733939
39.87342734475993
22.696279685473428
23.715555916233555
3.9840813535604553
43.21269084744827
38.86299482157946
10.47648718544687
19.004292090293035
9.916689100866364
23.888951395191626
25.65390649584387
5.618936382128638
6.0322116108705615
28.13437436225813
6.4788684648849255
12.557768297863518
8.409293763939885
4.182419936340494
11.467581239533644
4.046118575827222
14.430191758757246
6.883848689419395
79.22195064885162
41.38314099847857
14.264005224734035
7.4461265568000385
55.92287050959541
8.537987533557782
24.616750620527938
21.826212840054396
18.914172179056152
19.265374771929444
20.195100930818185
15.845776732290034
313.6423712371495
19.534934447841636
34.46334161137875
15.66248051751505
13.775691302383535
33.56563677825332
46.627833520642795
63.65584245999382
45.54258491113187
15.926191636747205
36.249172960446415
12.129098449824824
13.304462404894394
51.10829242364467
37.92142058095766
23.93687915154588
10.102395052077057
15.987205591381638
11.000923459571922
27.91302607530885
5.830295040493041
15.11086450229135
54.15978828071253
16.429118005015596
33.47171173547608
18.605827355518315
41.31686771148898
14.955459294324982
8.698537710970413
14.225150134499188
13.300833586961048
7.964162423363888
8.754431452355973
12.969140024357486
