1.1600067641496423
79.426312653702
14.584238764991284
60.16575852727824
33.47750584654398
12.871535023614229
9.153630283099147
18.433249275386544
32.34165452199417
28.266546021612854
22.314936209908666
5.595271831162137
10.290578706765558
34.76803699304301
38.857272104218424
10.103291010541824
12.717733072473635
19.675445514642774
8.112663540906624
26.366721934241042
19.093594080887343
39.03650349515374
23.57834112510679
31.906856930071754
14.776507842202577
196.64235903330578
4.6425511275908775
40.380459266117995
4.4534878642115245
16.000945832999676
7.042844403470426
19.098607575837732
4.099878679804505
49.74634059092243
4.490513790522442
28.08124286255888
17.17305331415885
23.09017029105746
27.617905430582027
2.7154906823505485
3.730339851583537
10.295472373270627
3.3591645961009533
33.30029147090954
19.913707106499572
58.72006865481353
36.86040531132423
71.00386597345626
37.83665360371646
36.31642734650485
24.209002824480194
4.463065019587276
1.3464127770616017
8.317765148291684
14.178586328434577
20.570143779876062
10.465974298534277
