14.342028226341967
74.25287127965629
25.528524618981805
7.6181263105313235
19.560097399926065
17.68322523995775
45.16400046405387
42.64575218290595
46.81047884809588
6.257055265353728
2.937416280530357
2.5020992521212975
50.82459434242749
49.811272964901136
61.62515172592127
49.31520418252089
4.043985486256389
40.46332202056624
292.3842170698157
65.90632547212999
28.24669879400919
13.715936041832222
31.064338630235994
39.084163980639644
21.53672623276867
1.4624184103097662
15.864913716491287
9.861084588722662
11.802905224190653
34.81189972749239
20.8719649276714
35.60383884081543
36.81551791594619
5.022169643754154
20.43465469315457
7.394638005626703
7.989056997986111
6.35391421138803
