45.30218052867693
53.44970844248178
8.166095795737377
22.7678101086683
24.279345768563942
31.24847230879955
36.88202359580161
15.345703493846514
12.785413563771158
11.736863967425649
19.188942114182325
12.329715605506195
7.873042605109234
27.160246967042283
30.557403090836004
9.836080547611957
24.59529988496533
26.280534669514594
62.504514942422944
11.703340193874979
0.6026008117365507
26.805434597466274
79.6254141510687
65.54965483485611
27.73229722499444
3.03397590467506
18.285118401530795
22.294605468043358
8.221499545009621
31.56886399193496
22.82127620050622
22.69846424490045
16.5426301026459
16.86655667531994
8.569775911935096
55.86686112714689
44.561999340484164
51.91390818282177
15.518123411751787
16.424862984433034
9.8779930537263
9.270413397115064
65.15349377258589
0.06979752143926987
41.4843111316474
46.52029008887911
83.99115520892781
5.024324648127163
20.28601950102059
24.940873401862746
17.466670252424876
17.303093055018252
24.89162672309699
22.309765330043618
10.794796533373045
21.947285842221092
12.173911070921164
58.97636048559079
50.229703196668495
19.53030776132718
12.668225944343405
12.22957703204564
6.417356013222928
27.800617595308225
10.249485164276791
9.072553985777958
34.62066555418289
25.49743301312084
28.455976383120145
42.916364546284086
4.342647184160171
27.84222988463557
4.968559749797279
22.076690721941105
28.871634512396014
11.29664181633703
26.72496627018795
7.617466194252785
10.373328294775021
7.077811552698108
34.989443870518556
42.468442258698786
13.10408098268617
8.008629164333726
19.734150987056893
51.96928457566543
7.685239327723153
1.461509050457451
11.970270700824344
14.56862215654398
27.56018282320433
28.782174419555773
24.644306048621388
8.93944021634745
23.724429160096037
21.818171698126775
