28.785612044295476
68.56538130665078
18.236767447795557
54.19100585161438
224.52261276763178
68.13088251280678
52.960784740749546
30.786634076158037
46.02593392391813
54.912784600128745
89.07880859910183
28.816277155459687
25.32401666570739
3.8061353076890754
15.04598182705979
38.004450792304524
90.35617142264807
81.08342618428584
44.0284758082924
31.717518122333942
23.330379485047615
17.224955615529083
3.263565162501621
30.710693065239
21.63540125424113
7.186165760667691
256.2921597309347
35.35965515453981
32.92959481510985
43.78928422604537
21.33395064693316
8.889205158910215
