66.14640466133045
30.73032847550769
106.37470899147856
11.825250561307229
40.14082197214701
96.15196419320542
50.49789301832104
26.73143691848898
37.49727959404936
8.256106506878055
375.7746515548245
86.70364741817876
279.4664349820977
103.31454067182779
50.465986419383
18.064965563930173
23.791456454998382
44.62096713519611
38.33334710861541
103.63704713280927
10.052866358634773
13.062624022632562
63.08805596041901
58.944641964418054
39.40101886444657
9.793275520346015
18.686487738166505
26.248063193762633
38.91434542892125
0.7362559161770434
342.9976480021917
19.812429780929875
10.490851734199723
20.38491209761466
16.445664747957963
17.352963974183822
16.851463297595842
29.504236625539775
281.4230382259958
94.14591733831064
16.87686357140774
52.88298361280374
31.72150327955562
3.9657306276853603
36.6728343984134
17.947019159302357
13.547426359886515
25.53635687468855
19.16254111363314
14.597185058584941
