19.77505641512471
67.47073473399848
18.095408744327827
13.180708161311173
16.384298988763092
10.920216709462764
14.64204097811384
6.832829493668342
46.48433521340708
12.208087532700318
19.614005354310464
37.370623550727416
53.053592548066035
19.55339563366431
45.242575977196424
27.40179094650344
40.43539625317824
346.569034170538
33.4722866586864
12.894074916235368
19.7254423750247
24.8681029355202
5.304563106964778
8.87393240914578
9.797496665669641
7.452790916157113
4.831603543681567
10.847186265653349
17.075105597499544
14.687899909866928
24.424625787823118
25.844694039930715
18.221032615011495
50.983093087283535
8.258238902963939
7.703785199273867
14.357388940810893
17.664068991286896
15.501828387769294
16.347679796581517
252.95480516374036
17.609274548013175
37.24337255731858
12.635735948266941
7.088075971672694
9.762842990343117
4.578712880853246
10.620209956387484
20.691264220962324
2.4562000562094397
0.1771915315037802
23.177229852374296
5.91803038011561
7.950531061696637
29.83355688705261
22.453794900521032
30.874553844012823
33.68777055905365
15.9176270846163
4.868916972598726
31.511588514688242
8.077436769870587
