5.331375120327863
40.978668103351254
43.83062923721323
4.853628333136555
14.217451890420705
3.421293193999645
1.6728347974122926
11.54360422324018
21.78623827892723
22.29886504565532
7.106429030969707
246.4882377734075
8.12760638316648
39.66590367764587
5.779675484303382
15.395225823931924
25.361715459344936
14.329107431429136
59.55888642370935
30.34385662661593
18.403600638303374
28.54808469689945
30.399869311818748
5.66435339799321
16.956261725765145
9.890445946680416
72.29727713454368
7.625507348457802
31.541060295348686
8.429122369514914
7.797550121385257
144.82071125089817
23.85013200761243
31.131700397322746
35.17302601605908
24.56497962329432
30.096346261391602
6.175570854755989
29.544032555809352
11.08645489043704
11.561211072812853
15.636176944736363
4.7434030078621845
