45.58107231462938
25.660401127935643
44.247165732294775
66.26669870440666
3.0154608668825347
32.394399739455324
10.874506294253052
16.158665851197526
1.9680842081635461
39.38395790572372
9.84925012239546
36.304582782983616
50.76209694278093
27.806018618891358
21.406090791959173
12.275843268021376
11.509204053690482
5.889171136416579
20.830978294390917
38.50877091082755
12.720981849033222
27.32573393467227
19.14134195468941
33.157051475918024
28.5879201415011
14.92221923701814
9.180204346364974
13.573767105995984
18.311769402123886
7.936113413749965
34.3088824945775
19.714262323074195
5.722222891848617
8.639351608416831
18.86077386479859
32.162644400314505
26.747314922398985
2.836989303296761
11.928378123449988
43.33753245502734
9.216751626803585
9.341783362078388
35.14177664605748
39.5625059962681
40.49506201638003
34.57434855153707
51.39616920139663
19.343005921549945
3.2440369625932703
19.66984428185755
36.87951172088859
24.63667973519172
13.179779813260168
14.10321686055623
13.532932355310777
16.30951093621941
3.2317563958726936
22.139790461849557
261.62558138371577
52.40326841705033
9.435896517838316
22.11527213456199
22.176235582724914
31.920932042590792
9.22209396773988
15.475410544809918
7.655054265442146
5.361596490594351
15.443053984339443
16.737929324283925
18.937382031768948
1.773226581792457
