63.60374545449008
17.67627642811763
14.637429758923048
33.32955582165323
12.1775808335139
16.911048233054686
17.953574805857244
27.185062157995645
47.4102752016214
17.719323177100094
58.598011210111025
23.84484021817346
23.848613013009185
18.777716596796893
22.987443546416785
18.597620066302994
20.488907021478994
19.378799902412922
7.963232636516494
8.33107220799856
39.14434125703724
21.243301793892854
10.357098906245554
18.363435533000185
34.42026272005647
36.88542437401021
7.571370377697846
37.30255301741886
30.05276337541497
8.265581453459461
10.35547576985006
14.15338695219836
14.149362177286363
18.57835242547563
17.732122510920576
14.581445121119103
30.162717723885493
6.1802062425635285
23.458692908740545
7.728902187067021
