1.9909414003390395
41.393145435657516
15.11185320180418
26.113212554229108
11.562583686295767
30.51255920890756
68.12603888117118
57.22878766238085
107.78191805072301
40.115999998645364
76.29410398681986
42.52685406804585
10.420090145444448
16.231549746994915
13.319699423935191
168.786400606081
77.9188283285269
21.22873484071647
74.0330075776063
21.150305036323488
1.9663001109268237
10.30273200175779
36.13905564591616
83.56016883027267
8.083696753256874
37.798373296877145
13.211886772156703
10.651043557709201
8.28499251848963
24.34320878829925
27.25091526840616
