40.63413687029593
8.569980715812505
3.782215183503837
14.4693844886133
292.16568589291217
24.779479757119773
10.147756621800283
6.85507808817961
222.88568281596338
15.163763980935201
1.7473653686955828
0.7575414052734857
19.94185787683236
26.11300403345919
17.610014905872788
10.395066781247337
8.037175115839105
7.440025523532782
8.736372356376577
14.446374787815671
17.015448243432004
30.389483205567004
15.22323235773365
21.299802105280833
15.16697018649188
38.47099960834136
444.4215644184237
6.807994758534463
17.691613467590287
3.44169914879177
18.00344256998757
5.827255314071607
1.9978026426802131
4.602838352905707
6.439209926528221
2.0314960123202894
11.66475398800334
45.893973009213695
2.4491567527197162
22.674032379844448
21.336446985003377
12.271879136752958
3.6898117804232697
22.985392834169616
22.612792254932103
12.328802030746076
3.7281179448542616
3.6276344952016046
4.614155729702134
16.69354250980865
16.8759896387388
2.0077186023373343
31.28436634127327
26.273720833435803
15.05832470552562
3.259170852164047
13.804130437441174
8.857105151789469
16.70415561983252
36.72650845278068
12.563468984664851
7.689623097332628
3.1704363837099265
7.854694972386042
585.6999220622566
24.074714320655232
14.268817403800128
17.69299693689686
7.444988219157139
22.475490877665393
6.743613772892687
12.156255003005214
5.792648830821051
7.9165454840981795
13.983080110466204
10.106749275175858
14.206152327765466
