116.76261234558864
28.98118086751984
109.08687294738309
97.82012706121886
13.095900670545987
21.980049861782675
5.292815963855247
49.97639167915722
81.24616708170355
22.21178422268072
13.490753490746087
10.28828837875649
27.23904452732218
37.104581760002475
41.918143349946774
58.46123794059454
35.54567299904525
18.726655846589182
13.15466949091173
21.285745096904733
11.673689132720554
14.523188305657854
17.25550517159155
6.4921193600929
5.954009871971621
54.42199520598086
16.824241222261918
19.91362782525303
13.016937067002544
4.676187137423284
0.7115127596384383
38.264662458390404
40.934553912258835
10.288163353184729
32.89768570985855
21.172253988408684
12.426100110590653
