25.103546443502736
50.96617849094284
46.78884037019964
232.04250894199103
66.84942178315511
19.33024516447861
44.178125296316665
13.363518314856137
14.711895419193226
62.337446390991815
27.884137181002444
47.82428443476306
24.262951649542117
8.48490754593712
16.729539088799115
22.48782383595524
15.43866133573377
5.5629422696328135
61.673863942564566
35.53051064121192
18.980891694232383
15.826199970838815
19.684731141614634
6.887269136629598
68.71974485559589
43.249822314784254
93.94986590553329
26.247704641128166
59.475556967892985
19.88265447130648
26.90135873331782
316.91667148835245
100.02697125392882
97.53363653909801
54.04759327351911
12.360402742217147
13.45502848024762
390.2083145482953
21.81942816460321
19.61329441672575
21.23743316446304
13.114763943231878
4.511118259959872
22.27156023358522
26.88418758660268
29.296573526724657
9.619713625920355
10.575181653316761
21.629735369198528
20.071966910432607
