37.19810610875062
38.402137371312705
41.48489176654782
24.238520115901736
36.982154564623414
5.556332747950421
22.281687768437436
3.7350319222243513
3.3779148096090523
2.385876423484973
1.7912111316037311
12.413155990739597
12.552116539408104
9.637058492780142
460.7770883152302
45.6495001362412
9.042931483026152
15.981666846315207
10.636067183985148
19.295593950930325
17.346983473906562
17.80967000104883
23.865505072269826
32.47335736180091
4.68811620057032
27.893183995269624
28.784810350544433
5.886125879911248
4.571915926405367
23.106687169142106
10.121534238894014
19.167794624444085
11.730000286334857
26.582715794498597
15.236761781439426
17.084774131671466
30.293420417555282
22.400506363783336
18.655313323554793
10.047657172507186
3.0245099963778017
15.667592833484818
34.97075895788785
7.350879548938764
50.16236920891215
6.2010396213495085
9.218385518661577
12.617395528424296
18.01273159161967
15.605574732042115
10.109432106248207
15.231319507828445
14.717323633318074
3.633829664043887
17.374713457274567
8.18398752172233
