115.46760915376724
111.52653966582284
24.922837190396194
17.824502730696793
45.21241858667064
30.11351106957521
45.96673180035977
38.77491666410492
16.280498801231033
19.97345471320864
91.19103087777225
39.77330414694411
8.856483669012889
7.908765205191173
409.8357848084313
12.251792474175673
24.265420492522793
6.004237076141436
6.43608913908507
88.1974345590282
65.08745459824928
101.50327064940782
1.6083946775941484
16.963969155676537
18.32464822727661
39.996630072858906
35.43318947503974
19.689594666101982
14.205318465683405
24.326499788386144
23.958198301435104
15.11983171957499
6.5438628317384655
2.507388644038784
28.974207857872187
3.281161955480357
12.213253555336564
16.246519607736403
51.44603510477036
13.261707024112013
33.3239244547884
16.479678467581238
12.346169523542926
50.1300861871549
11.428911949852406
21.155469395721028
18.859181309903917
116.95026406923367
48.65417920469747
287.27295991285627
41.77142419434389
14.332477614026146
33.966117454537695
33.988031532937256
60.75466608450691
67.21874416806085
30.09042170592258
304.5541720315879
18.225574131360645
17.131902130578155
