51.266865235939704
67.53425400508604
48.62536397696853
71.17267902578706
34.54514859149617
14.198632472717065
22.9174769090978
515.3185031937327
33.60967092123225
15.978189327322667
11.911451956789051
32.287868978802635
15.224624026050549
14.17088951704109
10.224829241833888
314.46553343768534
1.8800561412907086
10.93017914688835
34.84633112183559
3.9727263585072876
39.61355238550233
40.604438403886576
32.993666495346076
353.456060354593
36.82609150068096
17.266919238856673
10.173580400504903
41.26948518174183
24.205980049717226
19.271793286168887
9.547478195323563
26.705470670967173
6.835068355292009
27.371437927554908
30.5987063024877
19.456538439739433
11.783738239751457
33.65685175732142
19.780064850561843
5.862539736638567
3.381531227678181
13.31661381142655
8.207742903087691
23.828385223602098
4.6071710311785665
40.80698297356372
16.580662424335117
27.073962341151827
8.929566717784965
19.96593080436287
10.388863520612574
15.128159860638917
228.5576427590309
15.20437993399132
3.0719049396458615
18.151820269603874
9.007964848249884
28.913041973213183
11.937898620748598
10.975409353309288
10.752737426084593
