9.962686643595703
54.36856516972888
58.7098370199129
18.43499791723913
15.820755709099018
42.92200041827692
112.29806677986281
54.85336077366384
34.26048614308186
65.78098553274258
33.03957753928573
15.038065306621633
13.530301962342065
9.016686046054389
25.330568673564343
13.320782319526671
43.88779093806748
41.620304918216775
29.166642160388193
61.75235228699623
16.509952037349507
24.704017245248465
6.239113400357709
40.26807384912726
34.72183726258166
50.46324144110369
32.67408276637265
39.98113562739192
17.985789995715407
21.330748200027784
5.609708743612899
