10.318203857884725
49.08616810527381
10.793946494617046
78.32098857177301
5.980366914002246
7.22525342019695
39.15269457613802
9.171487792031854
10.594029442612197
22.967709925504053
19.97617490034115
8.473413868615665
32.04608923633015
18.50609729050538
37.21017199286807
31.763791102291975
8.8049029272469
2.5701529920978174
4.543233500085506
7.590526497245008
12.257488764642588
11.116139016801895
8.976360781064812
6.490925505389811
31.804024111910564
23.30507193748116
66.96714064975089
57.944067983430855
30.33075644770821
9.759313573757908
9.722029533644005
18.11680172649028
8.9236195959393
17.844114060815045
0.0
75.0679164668851
11.312650708462968
42.87092310100229
37.21466237100867
27.427405108076385
24.599579455811053
12.968793472635085
14.24442821963207
30.471880834174755
4.011006901314133
17.00752284560278
17.530625616244535
9.450986472425782
21.137281130590566
29.64619266544659
38.520853200969725
