51.01721468696164
95.59894966048242
21.122745843715933
116.92473927840406
81.62077486559953
94.37240833264428
35.16558094373502
47.93040520201019
18.832055530067905
19.951509219921093
25.688077951580368
18.672046087403885
312.241313577683
6.556646811731028
28.922488800813127
16.39087764150952
5.0947158567873885
26.551802919646164
9.679003075015729
45.5421762399241
1.8155125074225111
22.269304644909127
13.467635946165416
5.192256337190514
18.929010257966297
18.753307176038817
103.76292732359344
24.53277804210012
29.09650285693968
37.29101329147204
18.82226641052617
10.54709984573418
11.80788948779167
4.7039862993512145
24.615350423871092
17.07334199533352
10.828808461695232
