34.50012488356742
72.02946744491557
60.6208047134098
107.11568958628511
15.969414805068311
25.808052590684326
19.571725868555674
17.01953974162383
43.740955725511284
50.348022726556124
10.450233122332577
71.21322477689074
10.577376762112323
27.952358018276584
18.506400345225416
211.10930250092377
83.51786390461793
35.145033864402734
380.9547724260401
7.748203196250245
11.503259039107348
47.611349202342154
12.8078868317224
8.467335314622531
15.99373967832878
2.329508603392412
13.184758106081674
30.470800846694672
45.23310885531657
25.8964232990501
16.992648883758775
6.64720041047552
11.743143105463048
9.433489768889913
28.030893743244746
10.627672293899138
103.57092177178504
25.221259567222177
28.222556741813975
9.795900741571174
5.398322730238306
139.95393991286545
1.2485056575128084
108.52614312911489
85.76748228534754
124.58144450457965
40.58753856246892
25.306689569352102
13.906205635342957
22.17589822083933
39.76090879668533
18.659656628533256
11.443455820495544
26.125250994736362
14.97560777817263
16.857025059514626
19.057791472510203
8.663780772981113
4.298044489285942
55.521841044033835
25.904652658069807
28.4861327782003
24.848648666333972
15.66333509845282
26.36575370854088
7.005532187157499
12.258733601286991
18.906861932575666
12.378157130638314
3.0641669740048627
