17.559416341928227
87.87247730724616
28.888819223430175
82.43979238487032
55.48802599879792
27.726783459446636
21.53312863092131
3.737712449667214
3.0615047265313677
36.1540824843711
12.55621380471996
11.089688707145811
25.863041849476502
43.283830771305844
31.956680079031344
27.360664067749866
26.620976874032905
57.4058330959319
28.686590516727733
33.09291792560576
3.0205740898526017
2.9738569694493577
22.87252328020064
16.808454426446076
31.127692280593863
20.783174157862106
12.173533385360727
17.43964573474932
4.240975136548087
51.37206377361102
47.924728955582395
16.484358780380887
30.172383981986926
49.63499675812474
4.259723332060133
70.34094083012963
49.483880275593606
37.28646822450898
22.892312094191595
27.631505191002233
55.62402964907541
9.184555420814945
6.686588739181801
7.761228908295607
14.850127566727494
3.6617325271696615
24.778020321828862
28.627044606123434
51.26357932120541
46.84421577274901
25.791800814222853
30.975654871499174
0.87784752296416
35.35835642571733
13.83570716723267
13.080476809200093
24.448858964370558
18.890845627129465
2.448395071120288
39.76380882384353
16.260789347104605
12.453543855743632
50.778571357164836
11.013829220166812
17.61219792320597
29.279635756774468
87.30573157258155
48.39346756333809
14.03272562665255
7.834422105152271
22.784723006272955
9.728660162987978
26.11136788387195
3.561492013764891
8.528451575053921
7.6835930779324
12.700755441563416
13.267752136398784
5.431804533787513
