25.646067040795117
71.89067802996775
100.15351753496893
35.36499727798481
17.657184301123834
27.61571394955591
3.0566734904216872
24.66059638711127
3.85807433321564
28.11203488616013
52.15585061598364
14.369472322839727
25.37533355196267
29.392599717437207
30.96067189889932
48.20335969298094
64.7402201580735
9.70259072995087
13.556005990545913
46.68931503093313
51.51997803729785
37.21207628806397
102.62659662562882
74.5771914090387
62.89631716360552
24.524434576046417
43.89112135608498
25.699147824078636
2.043389650203622
24.218179624467055
12.125354171121074
21.123993991615322
6.740115215187828
10.651813281387888
4.114018485704406
24.826340377935054
25.622369956431655
38.32737729012388
23.79268021436323
20.126604396194466
19.469060730083797
