49.67074218430045
71.36925320788808
31.12108045721891
90.77233630557569
31.251319123276573
16.959767776887986
17.946735044003333
28.193574142344104
73.88065702400509
41.61621273328845
31.56264223743719
21.2951773186642
50.941374439947424
4.1812061989883205
376.42276345467826
51.4543208806581
28.715339732391612
31.0999442450358
5.9732905533640235
11.400721152744126
10.781318582433016
25.297392284298937
21.274408504587512
9.268094150240387
8.850086172979601
151.91801999844614
76.28304105387257
55.62256004582673
91.03469843939395
45.97666104575494
14.506462356933312
58.95566114641663
5.714138450325606
32.37475688845562
21.50786328228277
47.347967782182735
22.74099406815239
27.731527905719773
15.743591364548706
34.703003955724085
30.657712029383333
79.33378054134909
58.54214564100192
6.476650540300852
35.49606365645742
14.635445550339
68.4596153826371
200.89038521870236
27.950815543897022
282.52230941987153
5.956724201732342
22.364855008571567
21.07810533705029
11.930965229625016
44.10302960946626
28.059459794126795
25.21973143546164
12.047482471832893
