48.48269670320279
28.63066248233565
41.136041033379115
2.525284619136272
27.106902542988095
30.198581154049563
21.041606032365138
39.47098287642079
17.34612341955757
49.601907178994736
49.473569957011875
30.26172376163383
66.77003647118991
22.771335976344375
35.52890893335717
18.327817284266544
35.31580909106381
29.108359126963265
35.2089888916049
51.643351851163104
0.9963490429169894
51.19946826539697
11.529257415607077
42.20119735430818
12.57155114017695
19.604387451779345
13.143371869785838
18.416842468245335
13.262452465876038
19.317469672487377
24.831275056454686
21.01583125722867
34.634955432493754
25.50304752706414
