28.920709425668207
104.99349468864483
24.345015428439467
9.60594395152458
9.137585318440756
7.671931748654288
21.079373737336567
65.21449482150332
43.41085068025626
29.78797655077699
13.700394095481485
25.176622486749125
42.268262175241574
33.90439210749486
10.73509820237905
23.638308514020324
12.80246063349091
70.6878869367712
18.682278949370158
15.367603260812928
12.852453869900444
270.9841995410636
54.11020573332435
10.41085525766431
16.999923712037315
10.814068520681204
13.03587795635157
15.585060766659467
10.91495589715548
4.801903203293691
26.908417763673597
11.805622813679534
43.35778224334007
30.69029740071818
7.8059956907631545
32.633443841334596
7.479141180284813
12.234677884062165
31.66371803380116
59.62257221986819
39.440320310288556
12.112535252158807
44.42126826967345
90.04322918197587
27.065069110952123
19.348008596131805
6.465785256907026
18.829270054913707
19.102374407374086
7.699158649633631
38.13708026479864
67.97217962603169
17.10302775080993
60.598194982362045
14.342242822816331
60.13361636710657
27.294998649145683
36.1281648583323
76.74604177208737
30.472725417502858
10.804402339071856
28.446825542158805
40.60364561382755
24.103304179963516
21.285617594811526
15.318229466409534
62.533553198080796
23.10826344272442
78.52321089701186
14.271685356984051
33.74785231897572
9.348241474410614
32.889566319608534
50.752325463063684
19.30192210699974
35.58431937659901
90.03990871545524
78.11764495575173
13.949663231013005
49.45547792705695
33.6149321644219
29.144751305784638
21.65414934708494
34.04406235553941
12.502205205298736
14.201918063280218
58.00178260970466
30.097249549701417
7.9051634430498865
47.37039431004172
18.83978397390817
11.85952439371141
11.65725306508915
26.9781184016002
24.67726375180564
55.68982845336349
28.28288901383476
18.86660019238448
10.331362929551844
36.733069246422374
