9.384395067192827
8.69105717335404
36.831053449868364
48.03606315736508
59.685334399448365
10.65421186253127
16.648780369593013
12.303003819478675
6.638101753358981
12.417973774974072
14.07447899765917
14.671385963418444
23.0255174858667
8.714581845484119
16.491281150769495
18.145224162352136
8.384821929898337
18.707405908188534
27.288829050124832
32.66013611122386
53.8044956361874
65.29076405377148
15.896014279267632
52.895366312033815
375.03335585620977
37.83029021721235
28.189913636756245
45.96104728028422
42.39204881869145
23.229803859295274
31.889727770417323
32.30872584000646
44.33584906140608
62.882301094327005
16.828844815312237
70.94426649298997
15.58127494349479
13.361581851792351
38.11277163111049
14.252223113828222
18.70002171165754
17.37536882169502
11.731379386669744
6.722617166009115
11.522996070357081
6.437135756178321
20.672360039735707
21.426065929686487
12.805249823797624
