68.20235783969062
27.26763742619886
102.01928651645107
44.39535839227463
543.8388069950627
19.47771689601305
267.22650164148945
21.501076126884527
231.73354368213276
23.046526586723544
24.834612393688786
35.018043186145405
34.52006097149071
105.03153372309536
60.90947163788479
1.3957332919453762
16.109643605997164
10.464826753852662
7.892522801261563
1.405674715527752
304.77673464772784
43.7207675668475
16.21359934081235
15.604848855167077
4.164014955094032
5.224678523700533
4.676663639766161
5.533533701813724
21.868351254436078
34.68478209148199
22.781868587433237
13.345388099752682
13.52591730216875
12.717710589414452
24.789414622506584
4.821136218602078
25.569494198476804
253.51581599282068
26.374022308380788
296.30481831144743
25.674378383589726
15.961136248976302
22.606402080072954
26.653047097971722
12.664168110556716
271.42300915473083
45.436176486954565
14.114015449610122
32.751210561997624
27.15013471104831
10.31034701335885
8.075649755356778
32.59692601034948
4.422267476123665
1.7743748967850763
25.156094320945044
35.07654224655042
17.701754707525737
4.088588134020938
28.693396697022393
11.385128757604562
0.9196023768827644
9.005577405820318
