64.9444470200333
29.233222830307852
78.32982038300042
130.4896449581487
35.526796173080015
31.98469655493929
41.53097797569474
21.687360525106357
21.149032761255512
31.658941499922477
95.23068798078943
28.760504446696416
24.191881307222317
33.2582175548941
25.827223233841522
15.113175578687418
15.215211377923566
24.51285953702053
1.8579434090691649
60.27659137337923
15.648936594960489
23.034567617030845
11.169624678010564
13.65991443027059
40.03386960862062
24.493042448047532
5.691649500689962
1.7505230127447504
4.990524980285727
35.48387180205981
8.704377199258815
9.897584986234591
14.087088440572941
5.806618817375963
17.579618686988127
