16.854573375407767
509.48185481606765
2.150371235782899
26.310572869791883
18.45236947373911
7.918423696101428
192.4360735437745
1.395542169190776
8.889698401890627
19.290424312619734
14.938951960055249
15.62677951524951
28.18301710075579
307.4376390259571
27.813890073010867
12.424998953485868
10.65604454320679
17.250031981015823
10.494555002138142
11.877469495832969
5.930200479801172
16.439438912352458
10.701880053445137
30.47708109814708
14.898806009753997
6.3848484852237135
4.182828421364064
12.720365136239124
8.105351160939264
19.918128359582354
28.145995111916733
31.819073116577925
36.60312829972226
13.074611843299351
13.969180377528048
9.64568665422027
18.90506101625523
6.260655778650545
20.284369508393226
10.581701727516517
25.640735247123075
17.79906469442821
3.1420799732358518
19.78542585773222
22.809709967712337
7.352290545198983
6.614980932540206
15.83737534197435
12.879736793394969
4.769854083222768
17.566921794622644
4.841134025277313
4.892381741336223
17.24233495994217
15.808805889834616
7.438123479080588
3.834306790175191
15.278959994826735
6.658607194435632
15.563442232762554
24.90448626510485
11.437086739539197
8.0741074377773
12.451464162163532
40.004927710437144
44.58291639566099
25.33828141695301
3.026638785241744
8.11450301492566
1.1672312387858454
8.797119165348136
11.174504512897414
13.56312471965363
33.59369281978812
22.143277770387613
14.404698481868536
