32.5324934560723
63.57955852933124
42.51601110091735
3.870899548552302
38.69142380172994
28.206541614618686
13.97274494226113
25.52485865180283
14.33315134735517
52.41829991320377
65.1051761084929
15.232464151922684
20.495279649222113
18.838666506772
4.948569371339801
21.327039241861982
9.982475195620793
18.406041433316872
11.983281577506048
54.98772507335387
25.93762305658049
44.73413840200634
26.301888522361025
54.16090427393277
37.273781340671135
26.196641467332782
35.25121431749379
37.33289796574192
4.039019623743542
24.112326605206903
33.28287623509257
20.266162351542818
16.344860510834422
60.02037928731798
31.293672243833186
38.21815268574129
17.158632172392117
9.075652582205493
8.726601060818396
18.261864080076663
77.01013825278478
52.186971299278255
17.295233138364935
16.604860468601117
31.16274072640408
7.281496361613321
39.461088798089975
9.189624234694463
12.452965664464159
261.9278088038875
31.978638696147996
29.331103908656743
12.97700330444917
8.566068828581308
11.39285838686503
74.10741847040049
28.895371095406446
60.128374093355845
36.5557853145922
4.658968581880089
12.264860319192337
10.26344432092776
9.870641178135699
401.3820121572221
