34.243027809267204
28.327909332690894
45.91845505902725
23.36468790019501
4.206919679344409
12.31129516277224
71.17583517470328
13.515177060137148
38.33346391737061
20.627913500358233
17.973104258483986
370.6940688118748
26.296455704035424
36.14256743904406
66.89717800508721
28.946616310598685
9.397928059008052
6.799427996079288
1.8018591677176659
75.08691899534301
3.814684271453274
73.17204492257414
25.70083742809659
13.984839010275081
30.096250428680847
42.85250504103941
25.058354495369827
36.736468424995934
32.54813569023162
10.626041013641014
22.34996354993382
11.210009376825766
19.35798150269646
27.54729014102581
42.78543881443994
10.759472793854641
400.88271196753965
