57.84890125179422
114.96552877268219
15.94199611595893
6.464011969203057
1.152782619115527
1.8962781393598505
22.67616070776083
10.984029329425482
18.079643172121877
8.382539745819116
31.452092766998433
9.06371413468402
47.97732307978458
11.308387874517933
28.027516356451358
17.263262736007874
7.886475855291252
3.969526954653162
12.86300061596215
26.795729195401293
5.706271232543983
47.44532173260808
27.538365330499232
63.44758679795159
16.693567769169505
13.43054536715458
41.78990485833383
14.498211068402469
11.57322557365245
25.840290311144813
18.353529056693148
10.680187222743626
37.795469875497815
44.33674756482583
13.442978537710474
39.13129674982555
5.68115338037704
2.303158444782582
18.41577925471401
19.257822254568183
30.417718603058233
0.0
