66.04915080602359
53.832129817885914
56.72428219356297
8.131107023704644
18.15045967516248
24.22117020794616
35.23878080595084
52.95563532875454
18.378277218772197
4.503194114783341
10.187583980369936
10.75481614739671
13.00380269050109
28.48317769679514
17.944748651412723
1.414726907284404
12.810795130817112
5.874654033009179
13.402954548343132
12.415094939322188
6.203486761131373
8.385817959433922
35.22037138078234
25.431077505632288
23.79292145302138
5.39138171788322
27.166484925209673
7.911005540519923
13.517384011559145
41.119534069786866
8.872314803253133
20.119727050263037
14.052419153035515
14.033953813014904
16.867485972615185
23.62633370705646
5.742678569643104
6.171879896327027
33.39020558847538
8.344767603150771
19.670561398206146
13.857020094994368
2.99294357546259
52.38908655228677
33.139842504989986
14.573054692798763
9.309457665402391
18.135439366301384
6.072481063106423
5.510866534192758
12.314829361157663
11.053548732729368
11.560094261994706
9.54127052221017
