36.344966119938576
24.895080994018883
16.475536754243535
245.88473467613588
64.43073929295925
6.434689342827056
19.053792837021504
20.62795877437094
12.719303785625655
0.0
76.16445600396263
13.564220525455696
11.170357735741547
32.903850382771964
15.64681829000736
19.52200866505757
14.715464579549788
4.87527173975117
20.98216335941025
30.72448621445892
20.511585727465828
14.396583064531953
17.061596210450105
26.252687301673404
0.0
22.927756197150885
21.0486872623582
22.831210170730145
21.475774977753375
34.87751175249019
30.58458697066436
34.18903548965808
11.31241154946487
49.096857172421835
31.15512169012976
46.37385668276583
11.070787423363157
16.301997211807816
11.90919484120522
11.18967250867017
13.352021627237676
14.415119319133055
260.526140147817
65.8013512553855
10.30150950724888
43.53693961403664
16.688326457332238
15.269067482186927
9.278287993147202
24.829089736394195
10.427520435788253
3.0390250595329746
16.85737995254604
13.85392439167397
13.261198490273927
