14.303098042563988
23.997919245191497
4.9273270118187895
51.210265729373674
20.371686477807174
10.641012194209196
55.78993966727043
32.95650164008225
8.385215337208422
7.45347932286829
27.97194210849287
1.4043518052276198
28.2594453876396
23.620733380280157
7.180603899434942
174.4251366086753
30.111072430020286
13.080661902517022
11.2836870457038
53.25034969011574
40.71119189958603
19.669191182341052
0.4431442232837952
30.10898090753585
38.570230108828895
36.63617731993183
26.059293327161328
38.952670163969145
18.170792143114454
34.98133876587862
8.25080304058119
11.981516095046132
10.807295622790946
5.58206196615582
30.001982824154197
20.94371824474365
2.550067683705663
