111.87145418885461
20.97888642454359
38.208945457845374
12.065573655825247
14.653645949630018
37.079218873120666
23.64155929180673
13.929731371972338
6.878159998872178
13.370476256727727
17.04726411488133
13.868269363697323
9.119800044378309
28.576909851675424
35.92584097255879
14.780238769135664
5.435359902386182
23.747004853493735
29.526490689088007
25.23734252527771
52.94410528881235
33.273654428604274
17.372039338235837
50.54310001253462
21.52565171547093
8.654527202609813
11.669494280322994
10.342939382352355
25.879098800660998
5.833180929544028
13.050152541235192
28.330436202095058
6.763044027432599
21.343626446919018
2.376177102359108
