5.934840126349428
82.33305298009304
40.309468925535526
9.697731813690368
22.87067426275688
33.85093656813149
43.032299180561665
41.349576823677765
45.36452246626642
23.0037940958573
15.606143148955212
13.304629591076903
46.08791301597773
71.70349242289814
16.665072606299958
17.508072119932706
26.13623489731812
5.393002564149214
6.499772373133041
21.892533771123198
31.049263574218756
23.044838831393832
54.2432255617841
243.699554306678
90.94678925327273
9.731596065535939
17.05787079675244
57.01088823217144
16.41751406208016
20.227612273001313
11.803840118735252
10.722410083335774
27.523421029098643
8.271907063961962
10.593074397364845
14.415369335456177
