3.4237463421198413
7.872937450632705
21.297458988259265
45.456414260529186
42.84358334593804
24.98643107785584
12.99824765641712
9.461428611959207
16.55887783209954
5.108001318574594
9.362724332391636
9.605951300711354
374.2963072024992
49.90200605527488
18.277656752522788
5.898703215611647
5.667602564921864
16.12672680770217
437.58820491731
25.933963041250934
17.355830050093473
4.758228663061018
6.091724875665236
50.82451465808916
8.147480725656962
18.8942143332703
11.65574454747636
8.792934787688992
291.68185374552525
1.3126580312748644
9.475694054927445
1.7248701817913314
4.992579770574878
7.607576917014882
23.33437620326795
7.094304509537523
7.4209342852246465
30.293606890781277
2.9781846571444817
6.9695864863068095
6.590790493223892
1.6272491810438083
11.156629987831693
13.677451881704329
22.795169882490356
19.780379580669305
13.14212107634961
26.163273290587824
11.914608398753458
3.277072097209725
8.19608138675855
5.312809671639727
20.956561659033767
7.940964154284444
8.724842658897941
5.9674084119840245
2.630414278621842
10.803294132461389
9.498210769215774
5.120072530092813
10.2277087579306
3.7802619233993653
24.62253468005278
14.316832712774854
17.960441562531983
13.087803360359999
0.6381667794428125
17.38775232410549
14.306071553646461
7.997063887536839
7.4591211365144545
5.6731905923539045
17.861890386679775
10.90531977974743
25.130489717366203
21.47538943382598
6.073354265200379
11.529775103175382
6.906185901425246
6.697284378370952
10.056587135826774
8.877076160725665
7.758700224192296
7.208278277145723
