28.222203258739157
12.016617619146558
46.53107044910462
7.595660674969139
18.336469158985466
24.266243766613357
7.098808802552142
35.4514695417152
10.303050146520746
20.60406410984241
21.702933290856976
18.62099512893913
30.477125692889416
10.477734751741309
5.742971094719451
35.36645557463211
19.734900666008656
35.63559994136155
13.688690403521292
19.005706463629267
556.1645072272793
23.74317104133803
58.19198655643757
45.08872853302893
11.28791556863142
9.759958173826377
80.19015020705874
14.90067717701234
28.380362306506726
29.470076905019397
14.610015301540741
37.44754882271391
25.505939461216272
30.590403790227995
22.075183724198368
12.606139643837011
9.397927630274978
7.517474643609603
12.654303897791578
11.56126562268723
21.882565098652677
20.691834326905067
17.137470078796312
4.030147869760981
