15.655362693898667
15.31307716683395
40.362614249387406
16.856888372585203
1.0580316314763252
11.92993303426411
22.609017357858406
19.248818324867358
29.65191762734635
12.457513856430566
36.93327362705391
14.087889432214652
31.985733519583135
24.923260476310645
19.618715467524794
5.778640492128815
3.154816600716714
17.90809116288618
13.861000034681581
15.59961323430278
22.375850425069032
5.52364745952103
21.741743267743402
7.425700678901848
5.857425121598155
11.060782212582694
0.0715774079717022
1.7813221040444063
6.449220937273992
20.465825954574257
4.355564499064187
11.94812503520177
5.647299122574324
22.007116959863225
18.89587594897091
17.466809510284236
18.155425934158288
13.211381320478537
14.597981813629147
11.57065032593141
19.87446969402403
24.52566955241933
22.934571576641588
11.220275093876964
9.666273569067187
18.22160443827748
23.60235265857939
34.383787775736906
17.07861353288274
2.0334503399574118
8.108326526028165
4.910968893497511
3.855369567313417
7.715182130350186
11.641109282557494
8.08900650142418
12.70717157144692
9.650243329157206
8.903228093231021
2.212529968527207
4.651233634195123
10.77884150216407
24.40446371414977
11.911858508843451
17.152454430141745
7.336419537852905
11.886850403355794
6.05976853295229
4.634900108153545
22.311900617717654
22.01006465746822
3.9771598504976566
7.134202441301639
2.1715586388638286
7.837641594869808
368.13114904589423
15.84183906088883
13.19226198987397
9.797598510844963
11.328480114847707
0.0
