33.68896141387617
24.11448901472471
3.806300266113169
31.117085312557776
1.5745142468379356
0.7426885551233227
21.817387197665283
0.6277071820700257
10.64023505460959
6.726933210562606
13.470146355943157
10.464133043856165
8.95521357294264
22.52012177697648
9.266113064369577
26.91530405214543
42.345463425531435
6.337503779277199
11.006208459029821
17.176078535523203
20.003062970490035
26.118745057409726
14.561594681205875
9.312514326460587
9.298252820150395
13.383109040730886
26.55862883440956
37.69109497088604
17.04260349825111
27.39204092683387
5.45537118333651
7.378523657290387
4.011905745353246
7.378614668969831
2.5649388131091655
5.7931692772519625
15.484027236551398
5.650191024461847
19.885161120410373
3.736593867333795
8.131796996884717
20.081349214095397
13.131338030967342
14.223197837611536
36.76411591584616
30.869440355311326
0.24844679522412605
26.28060117692155
0.2817883228693603
6.288484645438444
2.9090889924803776
14.195095996679356
18.237644814734807
22.50217035383804
28.96768316753608
18.16754230469114
28.81086431544567
19.24076326720146
19.133725252573797
9.578912196727714
13.033499768366113
9.417619719242097
43.808585964530664
12.223938645990046
4.927057831614135
2.4538806932727653
10.127080743827634
21.571159249176276
10.549392570282905
14.90098288130308
