24.66639297989147
104.462223966867
24.038347784471426
37.043248501130705
8.994339987489155
29.806144695554607
44.2318470130939
13.54914770105816
49.20845530338448
21.712880578000608
53.36507123755423
29.678976636190498
8.245988017165146
25.708977761331425
43.13502631085609
19.507106033980392
41.65251970741173
38.21081606875664
19.188487886906813
31.270773076001603
7.243193589243646
48.42945020926334
9.497607777213858
17.762145560098247
22.547768733301353
6.734740237865026
7.91875570965172
51.027293431107765
11.764314508617616
18.26142983534845
17.39198662073177
18.4781521738756
27.22866969700854
1.5057760029516345
23.690541702527398
11.646349061800592
2.189462025116285
20.93093248122861
11.653829248223275
46.55186937584166
17.238526013184014
25.227342144461858
408.10605524709166
20.06644646057096
16.751853366499432
37.27936380880354
25.274900270389097
21.810192432516473
26.436461210915667
6.190101557570202
10.837771072787191
7.922143522442198
33.91473177521546
14.169640563232221
12.231910733946677
39.09744820544293
8.750779842182723
21.146333202725927
13.912981519188563
9.576167530224112
41.15998603415352
15.5996782732404
10.05909305351642
23.413326553148906
30.279417742668898
