29.642715148107968
37.27492875223025
6.983954711904175
8.270317894422433
17.325974819373684
11.63320078258846
5.422211594999624
8.66185777639474
2.7144921949284395
14.394219976152414
23.615439211513305
20.7512276710807
41.166146221478556
44.51164141790535
5.697867701206036
2.003876889418464
8.282168340532948
13.407338791330375
302.7156579667881
14.379079111066815
12.99755388845368
14.564720480057744
0.04513314794522216
11.256733609738902
17.530721389084107
20.700706786265712
30.464093324824574
22.628299841243518
8.222476060757785
9.388714613201358
10.498852038878354
25.443995815201603
2.383737840523139
3.3638056840916732
26.297753597484956
12.712333469862216
0.5208875534773654
10.865673587876657
11.775141097790566
27.72840432564091
9.136397276587516
11.734141583967428
4.6282958831162375
16.98815120253684
10.416044457277835
11.215852175456561
21.03650126822886
34.94588560456617
8.922978555138727
10.237495858868243
4.161059400315352
19.037457324383595
10.077915646159212
258.12742692538177
28.76297247016423
35.13497682031637
1.9690581294309908
3.6907711349305004
22.223877773185265
15.656595675665173
25.325259479837868
4.143484740430338
2.0722005781815795
6.5477710815351315
19.337205224998385
20.841897609715787
286.0959388444061
20.178199454289455
15.323870181737817
8.139443803949845
24.550954057519263
1.8734085499498434
20.648593296960442
11.911280774424
7.969104482276208
280.3623057002086
12.169503703276732
6.834523420875328
9.279451109657245
12.672803163101364
28.646548397109456
1.8884857092659217
21.694849852952686
19.31474023768807
19.636957008668432
10.42447845044289
13.88729242674934
29.313447220436927
28.02731487429348
19.113991334321454
10.310478428128249
334.808837753166
12.221887594226857
26.6620477029321
10.66121868682609
34.33150607423664
44.122014788423144
251.5397174232196
19.574658254301085
25.87032401019205
19.170500294771102
26.26985003390078
9.69173833553296
17.26096618656868
15.627554557077062
10.673429691780754
34.57601448080506
6.293045447469908
14.89700769524336
24.32740545142508
11.837200094443261
0.2609924180916323
38.93390919915282
7.548531719323762
10.470783223055335
22.863761984989864
7.097600983560412
16.028076848679547
7.026042057137516
4.417231129218948
1.0951607597328064
2.9081920016198097
5.31696023453199
9.676534210090722
1.1822405843058874
12.905622317668346
15.210957236252952
287.3086596673547
17.229015657752115
17.841368275517738
12.996279552992888
1.1394599057027932
8.673755419140775
29.28375033351
34.47043058757964
7.7409219395842115
29.46063205307881
16.520316308741286
6.468622290218406
14.158257014423441
21.410587621305154
9.203401762213787
6.695537295136106
