46.274175834392764
36.85413245370782
30.248020836635007
63.29556686537509
14.844442270738767
39.55370317934789
16.476656407256613
22.724077754360394
40.95123313607928
55.13874937602593
82.02586140399666
7.984075499565989
64.35743015817056
13.795963402250834
31.837187269923206
11.68327593558378
50.127636225957644
5.2430437891547825
69.64728989848136
73.8790467554407
23.39069119836043
62.41283535675785
27.121070182486704
14.224588629934715
17.478892705576257
33.843164786467355
2.091668356157143
26.668129840466648
48.38250323523113
23.155753619503457
31.345517781460345
23.37254480548303
19.21393620994472
11.10672433411034
12.565382502307457
38.338739628960084
17.384325706515654
32.688141020454765
86.31524208694437
82.79120130689827
65.22294776627866
51.33579054527654
7.698870193106529
20.558962703131357
26.904691490579395
38.27040227520014
455.03429928887186
21.678505006149763
65.60010012509005
13.900957398879058
16.469146256604773
22.378136129665776
25.12699740599706
16.46549718791364
25.502066521322064
20.698847656254998
