69.2655747319335
11.784489092612631
9.098702905582769
49.838046048828176
42.33600901460771
12.897239023484815
19.030430195322594
40.068397606330265
21.59990140445231
254.48081020162644
13.28801413162941
10.57600945823792
9.657587373720716
28.87371419155936
27.468272194296745
44.830473547528754
55.78657461409067
516.3123678779482
9.891025461302803
24.795844844428714
63.454603531523375
45.80062982465533
45.87380913173453
42.414079173914786
17.63970930243174
31.668944331226655
14.728546130651608
26.875069680155363
15.207054374476158
47.212549131790155
8.686360479928794
32.44585312992665
6.7924405891465085
3.2877071675319627
28.947709536844812
44.89884390442998
9.870363548875886
12.849649134525393
14.067450825671074
7.363695427242362
16.524052917471494
10.537682462872112
16.582306670105112
29.455176720030067
5.100617251242284
0.0
