0.0
77.2728299984893
137.0173417423787
35.29883137293969
41.924028702242765
30.890732030388733
47.784102102833714
63.39138273678421
49.25440194598478
23.006635967854123
18.956810133174656
104.10538611971005
5.489825224266895
8.517930096297903
26.87568437318498
44.68153658174688
42.42273245355912
64.73054327508076
25.409698692930604
85.51944456562565
4.677306516182242
30.743796284712133
303.6608770719469
26.580410164860808
58.419200070010646
7.89805741442666
81.73025805839634
23.12721046560135
8.731839361896974
35.75170132832426
62.590213356214804
121.57390242368749
65.35755270036265
13.763939484450589
37.116972884843165
56.591276054198886
39.84592582857039
75.42615647639087
7.220823838129803
6.532870899252416
28.235949628903157
19.037465906819037
79.76519114587741
53.20660637285678
52.72354833928816
34.59264030513859
2.098499180309645
11.594364389386627
8.464089429810869
12.47994203540813
19.2759754699061
58.967494442826606
24.845610696276054
51.42306332510964
13.879637903459525
7.221518768881495
20.621325424204002
83.34756794496742
53.56348403907346
59.52791916696859
32.83590505808141
72.94458543903511
21.753892524704227
14.715551586140151
62.767029306201024
34.448902820958295
3.532481677229427
13.159024815894327
8.516402314533892
57.08300396524987
5.535725704669048
11.105880784002053
23.96999862965211
7.222266692477888
6.722491950246194
59.36952918567282
44.977121293610864
8.711047239191515
28.776719839995494
93.41615347172765
72.33256862865757
23.40462654766185
374.731458340283
68.5297753571624
38.44064420420591
43.825457911222514
7.445532971726024
22.57306931834657
16.984236114466228
22.87389611622548
76.8235869168691
15.902864359006628
45.49848857779948
334.72594152088874
55.75981530672462
26.221193781892794
10.880446902788904
29.867805116987256
32.54837558628711
353.5728092269872
