116.38103595097672
20.787920977317583
22.644317791222136
15.548687764789832
18.036742827097925
18.720641007047107
11.359916302441889
31.906232772271395
44.54656098824607
61.39306379958519
9.799522974370234
15.265007743905414
29.69379845965068
50.33681533854934
47.610920957446524
55.35907576050742
35.25362639070971
5.480931648820686
0.9952220068952755
13.537136517860901
28.749772135912067
19.174344750868997
49.13097629901357
17.034269588736322
8.206343286372956
7.159153506316173
72.0330149455712
33.45831076278343
56.64775742137422
37.64989602526214
26.410405901490293
30.8383922307803
8.94865629938866
14.663048012892048
15.391147898742403
15.23700107335354
32.08285858198521
28.06570496313236
7.959486011084067
17.401332907191588
11.193578441010033
30.189764578119792
12.650120007728091
20.23655199202723
35.11601215252854
32.56704131674971
80.24731714111371
20.789277455918665
31.426369796800174
28.467952010229254
21.348947152695203
18.96488495120508
