26.954033462368272
70.86005689685618
18.137352423755488
49.59141444253976
216.46184477609663
71.56392291117041
55.66631842298435
30.786634076158265
43.604823045341945
44.42189448959924
59.43247926135321
29.276185666725326
28.772868890497506
3.244344909584157
12.531962778046562
33.985963629449856
80.25814665715228
82.46538280084165
44.85236208093822
32.775742001005156
21.39904477307259
13.840480489262262
3.2635651625015925
30.942597403046292
21.63540125424126
6.963563395517895
288.7335398022905
36.136776724063225
33.06915574139313
44.52234801030849
20.0651621195278
9.460277185024083
