46.32575565258513
51.17039050048875
2.128022116856613
15.151200871893252
309.9760556574047
7.146337812436485
28.441565374908535
9.587364181474086
4.04206249503595
17.190177835124587
10.617269632830286
1.3139456981761697
14.067306082453484
3.3766699491696954
12.700226447705873
2.857702719429227
15.529329820529696
4.066797952538309
13.564643489163188
11.37003899115183
20.9514669390405
31.631529464529052
17.300237125971293
7.720616636598109
12.447822227166455
9.150688433933837
11.892010298242994
1.4770729944090704
0.7065434464079345
13.457925717326006
6.537747034048593
0.8783104637463168
