156.8575975268118
17.469705670624478
15.004706619081105
139.8064545978391
12.100821830801578
18.19424918768867
34.75478158221533
76.50949174613007
17.143086208637726
221.78159393297915
34.82933948297095
45.592374671287715
26.021214764857618
32.52192014324446
31.51372473408165
97.96726919045227
30.483863361403735
31.71583058841044
210.7778985778715
71.36398956631291
35.985557333083534
22.262367006600684
12.304946388121664
39.00296379020523
45.81227941750764
5.555119602032889
22.645352048789974
116.46636970736394
26.306607162358688
55.43206865624364
6.568920140506847
62.88705941767971
15.50899779142597
13.81638202518019
25.62359617103172
27.446677858618898
310.7371450620884
43.553117473251504
10.277527321928119
37.86694095600801
37.92118510071063
20.452363307801335
22.052968400760506
19.059129210108964
17.756101329113093
21.69994159468314
19.471405006159046
7.757199929666413
16.241477625301556
12.278278044121564
