41.40607460523228
89.66040010580275
26.0685457109183
66.95644673708625
14.654879760793477
13.781844882500351
104.61448699447318
89.9030233574039
19.90835088535097
10.41114424804529
39.06727167087172
11.476739143719328
40.452150312736734
19.533531715734966
0.2245210558981654
40.89221674293729
41.105156129514
15.14181651118615
8.959588744485131
15.206819811486767
14.19929387031955
114.5292967383067
72.91218653361167
10.261988771853112
25.534871535990703
13.112196221314747
21.688296310152182
37.94744383651627
30.954596901773115
34.317081733345205
299.86105859030505
58.766509310497824
19.818607802256935
271.80467243155715
33.739342568221616
22.59993454452166
2.590240030129351
67.47739212712494
21.87977266408363
23.51115111207669
19.820833006304355
16.955750802663488
59.579671325086935
15.28114908744547
29.935005813042096
78.84385216789286
26.715047565883893
6.392243034460549
21.580988952967417
5.371606455690539
31.004382594796226
56.93216430923455
45.668997432190466
91.6988010161056
40.28317336543313
23.120920644448987
55.19173574137652
25.453120001151746
1.8918960945709387
