14.67724073458308
110.84731271933964
27.17049071362561
89.10302364554397
24.735923505504232
31.36812752565639
88.39453007051841
31.473608962013287
18.665080377052703
45.05148058260063
43.87187082735696
23.61404913474388
51.59086535879847
11.265298759384478
37.87459888112133
33.9666460229155
29.781550333745216
5.466201025872564
30.285985459425632
55.258413644309115
22.00625295902485
73.71865911922764
20.564143785421862
226.93341237441498
12.464459376653451
5.014274650925614
31.370696635340366
10.628767941518632
11.651075205572937
14.544794413655964
26.60419793522304
6.3321407239889425
13.349166503060928
7.647290652347223
13.151488116660772
20.837009554227876
14.60365642586055
0.0
