21.766606564169592
19.28591024660099
34.87741606820485
29.438171728505083
75.39120688297223
85.26249986235719
17.718940061936024
87.730542576502
21.72754052482506
286.1430869242116
63.35592330927497
12.050431120450327
32.430212614226036
48.0239354700324
23.371849658294906
75.78649461290618
6.130342419309116
14.664946292350606
27.22102227265445
7.130341393615794
57.81531510272356
8.601524468997809
17.75138405501133
3.651742810473877
29.484640522609965
23.362765335786776
7.823117215986599
45.659894150220794
