4.539204287603894
6.3759467231674165
39.31212378464099
52.66814828409946
106.17151469575133
28.798721533919576
37.069467630482734
69.50064710204923
53.06472774576446
73.29670085025408
0.6797067562738448
14.314154514760872
48.565253435018235
612.4342766479679
27.225751223342513
34.702415336959405
41.077525923074035
9.79628956428246
8.90805661330019
3.0517712391226297
27.881333617573034
25.55603439875904
76.23216058532972
39.33573836967915
24.68654667204123
45.60578309582161
41.75704141776009
5.526497921664912
33.06059066022496
44.68005449333276
35.67260598064479
1.1871478606193762
114.26444302906297
93.64240001702382
40.519803323782156
38.410986197100456
7.997966514525146
10.02519786252347
17.977990038754143
22.583031529747615
1.2389751140308078
16.411951171272094
9.13574139871399
26.786654282796718
44.53186863855301
263.88353798937123
13.973884170528493
14.533489990591363
30.209349606598735
7.57998657479466
10.90213062945574
9.646826418518145
33.18435130156098
1.2068838116747571
21.06781910282217
15.65562812679569
10.210121626897617
16.03102854594647
22.657944685603866
26.582920374998608
28.614598914973328
14.866195287718611
21.376573759110812
15.910307453332663
8.017923217744269
10.849623706612135
