36.27760317658908
0.031563852362722855
24.03067768543437
44.4835860860661
25.96318601963044
5.673227788660029
25.306544022097185
7.032836494454656
10.594565983016494
7.63765122053519
14.078822652212665
0.0
5.324761660391559
9.006947528103993
8.473131540655856
3.0938794576628226
5.575376730454138
4.746982664904166
2.57841623460385
9.735812551968962
10.490103011362251
7.967099017191771
5.857142345619906
33.74673166923759
12.855456033356461
27.94728441957703
13.04530338571358
12.051394634711258
14.536213973629216
0.0
17.431874104742334
18.33788313925922
5.966902512413327
13.854080341712603
16.268426758912113
19.303245537165708
9.674864673907763
21.527212728088045
4.397101883309517
19.0153017799432
4.054059497025662
36.93685004827542
18.598275026356205
5.190791537659621
24.787066651855554
20.910486946597317
16.678157245109432
2.400200170445842
8.463901807925907
8.411600965580462
1.279328500459627
12.71699326383937
13.461641843622104
17.655907579544348
8.54970789014638
29.809144041699852
24.230336615138114
8.293421006910563
11.87071383976587
22.688246925672118
17.14454204000903
13.014486243181437
11.232244945611455
10.58709205300731
23.220048086247118
16.583589013630103
1.8492137083238873
13.692940224269506
10.917768119866508
6.517208961045071
1.0000534945798734
4.397831770698019
5.7779041615447255
5.166714958126676
18.996778985650508
18.627938578752378
9.956583052866463
21.499441746011982
14.112291405666028
4.202026634196443
21.26968238440618
5.363674834496692
17.91603197114543
7.229258724811146
15.923727533061111
14.945052654798431
39.48934753136977
30.697533778121198
21.851471820868227
19.878032171883376
4.284864828600178
15.3376015870234
14.11422627089405
10.771064720307564
