96.72526494790195
21.740714654099435
86.22894026595398
134.30563378128602
10.021182919998026
11.967265524653584
31.152934409330157
29.670543847563764
43.87475603959945
124.22642127336083
16.070448754763078
57.48813679746024
10.600837426164674
10.258229841184587
53.142452693002866
39.61950128047718
26.67980505066548
24.871293767347296
8.192700910678681
18.61353985876147
43.46977216554474
32.8520722170916
69.30497575948888
12.786146145151221
12.219289809458473
20.111611084151548
27.72229016064543
4.207090148345486
16.23652070860072
35.71325799053095
57.039214289669815
10.155049564339066
41.60567632005336
12.034063976253037
68.51430101465166
7.967712920754423
12.522455458190251
62.40347726164444
52.34259643784917
18.374731666153025
7.794911982522947
16.000030732264946
52.078245512146026
11.213899603572216
16.72299048817932
4.82616047132592
56.790978134385
35.3361705248538
24.983903986976188
81.04327385379197
22.93390641812735
9.345411326037464
11.628239923699425
36.139987109724075
16.162840400349864
23.647219898495536
5.331588207600717
31.521343991782445
3.637518206200781
23.54384075133757
34.02900549561659
15.162149420624786
19.22636361004615
16.370073495572967
1.2880748790247054
3.148621859665681
27.027691895612847
406.0202159725452
69.50118910944028
32.77519882911247
24.821879811946673
8.619052295044924
20.681338215989328
51.23004704071978
46.06986274251905
45.73707517416625
29.805998041521775
59.41264403184232
29.396652194262103
14.617157322827381
60.50820548897023
