53.96419963091783
79.39938157881798
58.42800803549895
7.702048821154378
33.85254265983353
28.314056432273887
15.962672692059726
33.79319525672231
13.03823978694902
57.18031137107772
22.931299382141262
15.986121500126515
18.511141510096138
10.502352452960423
116.71663591873792
0.0
3.924348805241266
58.35522037921751
33.31192751626844
41.15826036982864
33.83190349956507
30.401745897393
30.193945990342357
21.201838352559832
12.111482527841417
59.81680849504397
40.00019792296612
21.93028070574529
14.791739667188779
46.290563620963724
13.424167422875811
18.458107347087378
24.47246211934008
118.17154952727623
17.7388342351596
16.50508470214197
17.281088281490327
254.08102793694653
43.98255994631285
41.73248786681167
10.221350384408439
41.036369171916405
31.42641824291043
13.162051840694005
45.61405296270746
18.625693031655516
253.50432246108863
12.55552832943151
26.11403970659758
39.48005641976607
23.105919025521672
