66.47303791477692
52.37930124765654
11.577361586403924
12.71242511309849
13.99322108925304
28.45945207664019
8.700649282445966
16.985514833478447
31.560019534809896
13.457902675289091
31.549814752548457
23.86844717376856
31.87552997368944
34.89684232732793
30.648437275351597
23.5345587056606
4.223335590632033
48.11726339271671
43.26566715474763
38.516268405974
14.132573046981506
34.63610758173546
17.50563947299571
359.6452752934638
33.76701947311942
31.64683693500217
33.34504854715989
47.80732769745654
93.6092574648242
50.8555877402671
19.095674520046288
13.503464220347595
14.543286907523566
42.875450321271344
18.558697977979435
40.087621779017965
25.40901185669034
44.67712425506909
42.08866150128085
42.28952605844344
23.66798608058187
8.230530594972663
7.395588183264593
62.53541162014051
34.394929745668634
10.0289184749887
13.186114542257187
25.587230473334074
21.883833557419038
35.31562565059666
52.25161154236234
41.36447262622167
32.882141228712214
20.93650974693142
29.07644752784755
16.48538195794073
27.254887983948407
20.054934325029905
133.80635378576463
7.769261014372063
36.55756623244369
34.11764553208721
32.757187027107165
13.164325400196219
24.617107203538865
33.39923154302936
10.652022854854891
9.139349165462448
24.287318858461546
24.773287045191594
16.733727080153656
302.0256716420888
