125.9921056721004
12.512284775488354
15.982697905671614
125.68978856168059
38.4184237068483
13.159254674806078
17.176368528458795
63.82695264174971
15.898887284131575
21.832844352590982
36.64597691139912
18.661158843904445
42.16999219008059
6.476270428340598
4.8138516276220855
9.884123576811945
11.746875377560144
42.750233351897776
4.178087774167494
27.850578829534967
19.178789999869835
2.5245345455365538
7.977450815963806
22.720302514349115
12.301329941120073
38.28839440484293
2.036175004027001
11.063787193910187
33.511420596164726
50.37800794794802
42.140091239977494
18.252250180176432
32.66085395912751
23.97409317712848
35.71854947256455
23.723496590108084
410.7044161588686
68.49456248088305
15.729207017431435
42.04719880448127
21.37210941554551
30.721232588294683
29.00563179560227
16.238190972727068
