7.724856682569197
30.654073854282444
42.448958493835605
20.232124914616804
43.02821033828779
9.772255696263898
7.294019651970245
27.431089007895196
13.802741746611147
38.64171883149791
16.01290923849284
21.573327166510282
87.71742849216909
3.4344281469013964
46.34014052307457
33.922537907415204
12.530595348495766
5.76930751245105
24.825405002273143
51.25318445441199
64.84056726489068
24.24958620501735
22.004600375138068
8.712190528135679
19.138574906957516
19.57971994042157
4.60389578495149
47.091833898085156
23.28574483429213
16.005711025180076
63.156075236948354
61.594950470866706
15.778170531568776
48.82231244462504
459.0457436445184
37.89552697120233
28.889948649771043
52.84800200184057
10.73320364930666
8.349063839701415
43.83553456102338
8.599193717142512
2.7171860483829136
19.157300891895233
17.27753867601872
14.03554343299048
