57.91243827975478
119.27555823962888
16.184269530763373
4.4658724159737915
1.1527826191156123
1.8962781393598505
20.15282052967396
10.984029329425397
17.768475597493733
6.338571974052428
11.834620730046026
7.221129677992053
29.20608452141103
11.308387874517962
27.36242402085645
15.245192230300901
8.077180568814782
3.9660017039819877
11.152483382381632
20.166972727203785
5.6985829113971675
52.102677090163226
27.747091510676455
60.48327483453255
18.080142797931714
13.870356617099134
25.220850348898026
14.573613145169858
11.95048943691458
23.785106835732208
18.14951858047985
8.780477188869654
37.38593780867281
43.18454265456319
11.563715768531154
38.12977691887231
5.72304936288117
2.3031584447826106
17.92462600060003
10.830206179001166
28.62147188343222
