14.411772209495467
44.19527239873588
98.99728458593208
56.32833151787267
27.087616317457446
6.5420182619033085
11.274872781148076
21.70002749564142
14.87748876075834
30.636907958480535
34.200808067003706
3.902628763350833
2.493473499588916
8.602341779872589
36.97767742147859
41.35743933606577
10.119877005174601
33.00607738529686
10.23419398678891
27.887636851964288
33.85147080700649
25.785556910452613
16.900861474345476
23.92450951905667
13.784723131125602
9.597085736804573
26.112578855467433
26.99614177062216
35.11402128416353
33.71871121511957
