25.707565306683875
46.368979696003834
22.48051484081813
1.7742347524438458
41.76045303137016
14.12369903735781
27.741239727621164
15.773933924293218
18.886600139364162
6.997869930935707
10.65188941001361
3.8422084356792396
33.620859976487665
5.340359353863647
11.414164058727465
14.147612335307059
10.968156517107417
15.311582169393944
13.77629039740303
22.213807982503667
19.977806850099583
16.982125820247347
24.265423463003444
37.405523735964124
9.032769555295772
32.17288033596466
8.648078791828624
