13.509990909588112
17.903368391265047
15.51968523802796
24.736532609448574
5.1195848803101285
20.15459646357374
36.18392137789897
35.340660119919875
23.998202846253633
45.053599723013704
30.817416757694673
6.919549532677479
12.630795817160134
14.42030647456707
30.978010496767666
5.477876408469143
27.129505147092544
21.012908256053976
44.41952439379105
29.53583842893282
3.3366321277962356
8.053279411797874
9.15301695910523
24.230989967775542
11.158669717261603
19.99515527548033
7.7070865089583265
24.591792984574155
36.975190361804266
27.03791899331617
10.954033937685708
29.131232368936224
5.733892302323824
20.650084269438935
45.01681647103459
4.8674804362527055
16.24589005767527
25.24071027852915
3.1603878653326944
11.193389630121231
7.364930974460009
12.415812799943666
13.052820979397765
39.47684721427294
