14.210965236673815
43.15845268844468
88.9275545487193
56.3976868914188
36.27611500223179
6.292558643585352
11.964969076877594
43.21067116247802
37.68986821959983
58.40609623508695
32.60319814553725
29.296613663060214
2.396386497984821
10.362981503735952
35.52200512296383
46.55875916229212
10.209624165721522
60.741310303141574
10.174603334942674
27.671471546251723
37.85709081151121
27.114150076202876
15.86765625064777
21.169799880420513
13.463826622376487
12.131593481021227
26.12680946130942
26.13935101681733
35.732586265060064
35.44475145710173
