51.983753018710445
16.32981059831957
18.146077795380478
5.540844036815145
10.147324368084483
34.263668435017436
20.175416135612068
38.27403490894082
8.401768387658677
29.81358521919384
21.438575373605943
32.30051952424522
46.31294956811598
46.478557764504146
59.9400958155622
18.499101476194426
48.783415988565466
16.035381178422256
16.121409189046176
39.00476681452156
35.31257720873755
2.293171539932544
19.57436766247423
2.321838095073673
28.887060200975668
21.990301650025245
10.51500517523803
25.54936858518343
