54.867281763121866
26.958219635700146
9.942786037506806
49.46470318371473
43.595644794141606
20.083253663741203
12.603812991641078
40.795870386625324
48.50864372368096
14.333615566608415
9.38396731695795
14.488021242999068
19.410493604256118
27.664203491661894
9.90394517376214
9.632754119366922
39.77605609409872
13.264357196123143
8.274833759650377
55.44200295459484
20.740036396531863
31.367905129018737
7.302874848634104
17.029568386477962
21.60124328949601
14.209567708343968
23.154235547587575
37.93579476958459
24.144574637191454
48.20339462435069
15.92375813448703
10.254936731784198
7.923061633772079
28.68996307569398
19.017874419765576
15.303820089800894
21.25989643142006
7.588281626019054
23.115427168746038
23.788427855624832
34.10275432561977
9.153535705935184
16.513478265218467
32.89105325185737
12.782177533529733
6.309219746892353
34.05311206810492
4.801475576216063
7.054866765276074
34.833127364535045
9.690159138005953
6.69204024333942
25.085602257856962
45.547347178632194
