62.14188073309937
40.14303566078637
7.645524646448479
47.992100599572694
9.853198905431412
32.166668872971925
14.266111291463517
6.011609733610186
33.92686734197012
6.569220649969282
13.842336531391524
69.34328609662766
23.418099936194167
23.91932486660862
46.683528475488174
32.817698532293804
20.432767609888685
55.62582537152868
18.861151740023004
36.273437647696525
4.169921770241302
8.695356294817003
23.200701909294963
31.571826195882636
66.45969996803842
33.90623686357986
6.449928438659157
32.89607618860299
7.66631424639705
6.197874288610251
9.283895907138444
5.517536388735621
10.932089870037984
0.4299573944408053
54.39546743492748
20.698219997849662
3.245067823883545
20.260043850817425
30.47159550650737
39.425832692026546
49.00058446683147
