23.160336282687723
32.64533628321203
19.078562732211225
31.997795206425295
25.202336432870837
23.549782506288153
4.312111294113123
25.71863094508113
47.95440348416555
19.62375981250733
4.233242906433887
14.602507984150051
24.27463681497683
18.02337786193212
58.34042901756138
11.717828578403783
15.073083689061974
3.704470909758669
17.45930682725087
8.997016785977948
8.862904584791323
30.031676736534465
27.433508010741562
8.479177054801312
17.848363228431737
32.821620298144666
25.30919930693841
23.772174238650052
9.854113495373525
48.96300739302794
28.904059236505887
6.907278530453084
17.99002297979922
4.909320516778706
13.231089067731943
41.27348106572576
2.3160175103467395
14.096680123476318
38.86107455648667
33.82953549145262
8.686691266022919
13.222806706010502
16.643620056416452
15.652474050288916
11.241789602083543
8.856749759806902
4.36685574688083
10.871785722708395
38.69468461678616
30.300797941282184
