43.276007172848594
25.74886876890801
34.84750465236229
20.50183703057195
19.87797618545325
8.895568547629153
0.49203561636082327
9.189436769295526
12.164457668950305
27.17145158893615
26.030682838415075
25.931524770562874
39.906663616078944
14.571045768166599
27.201975536079956
8.290303031147857
26.137259948967
34.10814836514021
44.069628877867416
9.047730425711919
16.811277555648758
6.202245772231052
1.0931280584051422
33.87536570194074
8.051776411684727
23.017736293978643
11.317052122220773
44.99202510821975
0.579916986277965
4.32709294018666
