17.06689994869197
23.90240352857944
74.42561685605119
33.768448605613315
31.520209794198138
13.668537256897423
26.498506838263552
0.4168398934946538
17.358100718299696
7.575187606704219
20.980099407945616
19.907562016029715
16.762767687316853
51.60186384864295
26.804513636531567
29.863464570664306
21.90656656845981
9.169311523176646
25.536717002643954
17.821639016151323
12.488160099325711
17.477906740519828
11.802801469893566
32.61589580966063
10.492772695445396
8.980640891373127
45.511012717146855
33.64594661954345
0.7423969754140245
35.23409211920375
