28.920205162836538
31.83967590116174
5.461317544125194
22.141068120738993
20.865212524023647
12.386738915830364
43.229284751925505
13.676333776923514
27.90680233211026
17.633590249715894
9.648734202999776
39.5528396306955
12.936177656719877
2.102499804813448
11.567216143743053
14.439089540269407
20.52865178418223
18.843041610934733
12.825500548417509
12.515478884061068
10.20744586214822
1.8854468646638196
1.5240671140552564
11.138596835351265
18.555244153727898
2.083488310440984
5.944178079181057
25.72096235420385
2.322561473356558
22.47134303184599
7.639355795204892
1.8367499873073427
21.164882220335443
22.644526694124806
