60.28904890497783
12.827200063707608
21.967699956718775
15.198081258595437
20.525589442541786
29.34575452017522
22.047787205671398
15.040462842153303
38.90843014299247
37.41756700903207
21.170261981793274
9.127865724901255
4.901226609854433
14.045416449157315
33.93039887313442
14.000953933112356
27.225829398709266
23.177648921112322
24.365183895333928
9.010093440498906
10.91738044786257
4.240279448679686
19.00755457607721
14.103834803677572
8.930935039359483
58.917089570810404
39.51017821969856
1.3371369740640375
11.679767542640775
2.2823251634230672
11.497037591113937
