20.472619028495046
20.530534328718858
8.844298191211351
51.45414331628861
22.493249588790803
7.194064767222358
57.720102617879306
57.408671816237586
15.20117005734923
18.146642746671972
40.64326026429505
12.001097055634744
21.363776060412278
42.70699871799009
18.760413519356575
36.04457609339963
36.936881243277156
8.316656838318607
31.79601550188977
15.070304170373532
30.24690552370018
31.44264437553096
5.893460795775297
22.038918549674563
46.606432608107966
36.17697114497136
26.869722903762465
31.977766464086017
26.22519094791278
8.330877734933182
35.64537342040663
29.41734370573279
9.067827903516047
28.292270622854772
47.1909068330947
24.616726558459163
14.909558412844447
7.636187227721933
3.253732943688121
56.6334453615641
