13.025513012658735
17.58270024623252
27.884122504339615
13.689286077811147
17.993807817475698
17.27118478565079
9.065126903804753
7.932250259142222
48.69171199147411
19.545913892583457
17.486556121627927
21.310624828936255
7.5687393877211235
43.21647206223682
11.836223478805152
17.002122703604215
16.240461451656174
7.283408425724431
17.94476922008458
38.39927123347337
14.471368484692164
8.359252826499528
17.306613272784347
51.70712840361362
34.66795549353682
38.99810464827527
20.33174080318028
27.468665320966537
2.435240862059004
13.035346065363996
5.184256647263624
30.283081838572485
52.41379032641616
12.73170496347845
39.07489107941606
58.572168568875355
14.523790237019227
24.66057299355211
