27.865813306627672
16.20964621081211
14.803350664269203
21.360106900739112
31.5546345134064
16.4487819310597
21.376835529139925
9.150730756974752
15.009779167808176
33.57449998171212
30.13086197565545
6.161372356805487
22.488405469441588
9.517677791593968
22.879375170833356
49.83374279455671
9.988326624776207
113.50876299032903
33.918633841049
10.523582917142875
31.5183203003093
19.865289545911693
11.960547243362726
47.41476249615209
18.374616137496915
3.7954296585870253
4.696359440852703
27.311707851594534
75.98345816888879
22.22049081762215
20.03136140174557
