12.673124502624916
48.10631349460705
3.3025129175032077
20.626965539953204
40.68919458232918
34.955900307132765
13.66793821643705
5.823660095061257
12.614684479299939
16.651037722803494
0.9133282293665701
3.592857051265142
12.523213555662693
29.93481169164204
1.141480804416787
17.634573750936923
26.277283941148823
19.1044941159613
10.375178257597668
25.454907197656397
4.968575493317786
14.48656221268358
5.683158621277272
1.7713909936166203
22.48775632532235
7.306243149696982
24.7714702443607
49.84856651543447
