38.62547551166924
32.05675126751781
46.17805423079585
19.602471615083573
20.286577718124306
6.711120970680355
19.89132841354794
4.623508647085174
2.5681766332033504
50.016713887168436
42.04220021831456
17.743552729206954
3.2999687357408902
4.9871657037735275
12.833196909195053
21.466563553383054
11.500825075980856
72.50597244709112
44.082802504322075
3.762153221339645
4.872178847697441
6.566046016715319
14.377548725620528
24.426209293801236
36.79895298716548
31.057213927398408
30.401649611457145
7.579882250920903
13.46540726169215
1.5405432873217961
45.191720077360344
41.11668877536978
