55.96826480015079
45.37392099836852
23.382080756023868
66.42220798699118
11.878062123031171
5.536268755775424
11.707402922455955
24.88860902670504
10.143191816441885
36.10455818205179
18.267257443994097
7.285403684337808
38.94517262966025
19.63383862781717
43.606889998533774
8.79357844028948
47.66428917988368
6.157989642033627
6.356233553272375
6.95454378703775
23.941328417543076
13.152475422039629
9.531681469986268
9.226637822841255
13.191959966196578
28.558485238969666
17.323808650617067
21.056985207360412
15.516744661520931
17.620756744036612
40.05271715394417
4.689355938986651
13.111662778001701
