31.668456540085515
39.207561084854916
42.77184801040559
20.304301770625983
16.326439225239767
5.630443277036576
41.37702596747755
20.92237948040095
16.31246834960622
27.876875588603923
23.85578192533694
9.05225954606749
19.355448074883753
38.32477342262453
6.784024110084886
11.664985062943202
48.64964517037696
20.431809515681195
6.959666494997862
5.868130368520724
24.918683705218413
33.3353648245166
21.01087810598625
7.3447533980920525
8.190411339107982
7.828917997011345
0.6327590121734517
30.35017123960253
15.732138792748941
15.99085929343535
28.283639124994053
22.884474075309825
34.95080504869024
18.36223717898548
3.22638956516208
