18.09092714725864
16.314116933503783
12.885618132900959
12.485887375090812
42.21786883309397
17.223910458915554
51.03203083095923
0.3861648665271673
8.128635938661176
28.63650732864633
22.627014863814296
14.707380722725233
17.38107183896645
9.30352916207076
28.08725110075497
47.458728702125626
16.077564664501324
6.980089447782831
24.968060809221413
8.128765402142278
29.029656850475604
31.606517216593502
17.38708334841695
107.91361880466037
28.610677769407346
24.18872877674258
2.1789974817010886
22.349958029408185
28.4695188814799
13.989156205451877
11.91053708133235
12.110814399238635
22.535850055452897
22.75433524691242
19.026287845452487
34.54985941685537
33.89658529426515
39.147037551679475
11.617216956319211
