18.49492013026341
7.553870642310812
5.454688813029804
15.414751665081468
14.92718980022019
29.418376898392268
13.490053997264397
18.037846369823853
20.64822170278221
20.39079014796694
13.459529438452009
12.913805363562659
29.66824594394933
20.315969556664754
18.815620832325237
51.48129663750501
19.153510375829228
27.953247126070124
15.11217559832997
16.382384925420595
10.823552821713832
41.97618741761903
32.27088405298085
41.511380997995786
4.0702065456708
7.611927301807725
33.052938043236225
24.65423125519331
