35.90381030426576
12.992346278598689
31.145841900822916
47.93669805713269
33.22154582071258
33.30071534684885
19.656781864154055
23.102552494036757
3.136934674612746
44.23841267463746
19.505384560951654
52.75424775544954
18.0193733629376
15.034174383179632
26.647044596727596
9.324341633313395
50.09269126114479
14.920072791056583
21.849463071283168
20.921515353998615
29.584928584607027
8.72912266556402
16.190839352947535
28.94342733080063
4.5665751573188516
46.21838324971722
57.98118204551163
26.870427190787964
36.21628929620091
33.554670429007714
21.602952978010507
9.65425859380521
7.237351354195198
37.72799247315196
18.13833020631843
55.79993228331767
49.22896630357472
