40.04037718969937
38.651301478511925
57.98105259212602
28.604187564463018
28.876884824666433
18.95826721632355
10.308818556101727
6.037555821283021
11.173632954201977
53.904081059215216
5.447007031455698
13.257754751920217
25.68560059995258
25.227491602371913
33.266689704193766
45.228598280321506
17.322988903130977
57.12895484429687
17.867317063509745
24.916608779111144
3.5394941190787677
23.538743781148938
13.968115932310653
34.633519354992444
42.12838199915343
12.23210916206439
19.911400252781547
21.786412575256023
58.23557982044517
16.473712071897438
42.712189096544634
12.706377192002876
31.848793848665835
13.156175530275107
8.073969123076964
