20.366170372459663
25.455144307205032
49.45390107230725
8.725402677992577
41.021095223432596
33.505530728233836
18.023146464502247
30.612576388003987
10.06860163923399
9.839240346100368
7.566708906056689
45.17404751515389
15.758746320870188
41.381605391970666
16.53108967584268
13.30814536223832
6.160104892716603
27.975581765127032
39.93438771520405
32.9343040646811
26.199586063965953
30.783453175109855
19.592086366803272
7.982707159877833
17.369349487499903
5.637616213364737
44.72348597954006
58.23311109382648
20.297960392777725
19.059925393659427
19.783554741122444
5.286177602578448
43.21472866390744
22.33944271663256
18.422876683492817
9.98746462122945
