18.268979156258894
8.269995314173002
58.88878471317669
56.98831853982854
63.17173670090236
47.59619818621921
40.576270161239165
9.657721821869785
11.627739625040391
8.181181474792083
34.61069107193015
30.159953063768256
52.86937034376429
53.96553406071864
10.914156840459995
11.03905592320794
34.18105370582529
21.691934268921983
5.397104874815568
28.956189473101503
8.435949909453399
26.07941086262187
18.093611246817133
12.647398886796907
48.175627893881554
11.479590668923635
31.677760138241126
21.057986326642492
24.16960566473415
23.51641450928858
8.193088178689806
22.243210726390487
40.05178244051338
11.647238046188619
9.011350259443958
11.36838613581358
17.29910990852879
30.309671316656804
5.067453480812219
25.651684836964037
12.953006297081373
9.162130930953651
34.91527547978325
9.745341791890368
