48.34541629851172
45.193832684631914
30.98038690328383
22.847611159504254
17.40136017010326
10.808855645525284
3.5731077514005563
28.21583608558342
7.719675324716036
13.151740691328243
11.929173616846725
7.903937048771766
21.225459118068997
14.178452838413335
31.874855376410565
21.172146560612347
49.49924117246361
1.779153651048773
26.1772592514223
54.95279795289771
14.790711771150868
42.891412161840464
13.098612240257069
42.000898464768
34.992152417012335
2.183186823636305
20.45108211381806
8.550582827214257
8.186812436678153
36.62889410274255
4.117881207747132
1.2168950313863007
7.20423134513608
29.5005231343019
33.99991872491944
2.885275450002098
39.67981507696955
21.4182178396199
15.134089828973046
7.983510247207619
19.725672160785578
34.6419890816
