28.572776516773956
5.811547730025893
20.156349666260382
13.224138676196333
1.9082625784765952
4.212025560792952
2.3434306826219142
5.8702930311388
10.208645231233575
71.4359108178942
46.62740628231789
26.561680944217784
16.33297940538783
56.4234176616192
17.286509972819886
33.497211024272914
32.38505845284408
29.99365087484442
10.765402585750394
18.70536429418931
13.570943139982035
12.057912149707022
24.874423391424713
3.812762401881187
19.376293714109693
27.231128642641053
24.155857377163755
2.8162972418100765
28.769825585883297
4.872889792197128
48.233736276030754
25.765959062711943
