8.94001684275149
39.89330570978895
9.14949188407607
37.16625467747289
24.61140226017295
9.828978574928769
9.81723865151936
15.614984088753047
18.287611611263998
21.17983923815632
24.752232056904703
43.80694469141369
37.46941348158141
8.550538000379376
25.982235716312502
16.039043483726488
11.723058818913714
58.790271094242485
18.734439033933427
15.924895071523977
11.964915268464651
7.8179849311360385
11.130325414002016
1.1572581292525115
22.23853211493737
4.359293621835235
13.246879608800228
51.865449626492335
14.935111111164673
15.317940978900026
35.18228219506554
2.253771877539492
5.97134505990357
6.833436494772698
