23.45114442185104
30.4830645369629
15.102067477258288
10.391953173843717
22.055625300151718
7.4975695826557
11.857624199913772
14.35647794678033
17.927570996870088
48.479446708005554
40.02973168895255
19.894126156150378
31.934877180758008
5.151080313349738
479.0428901847471
13.02921969079273
34.65173890128071
18.984252008739773
10.863624723619367
15.55261136829047
16.98834324983187
11.244439138027673
10.354754094510298
11.157813809719045
9.39292439038448
6.6154954380264
14.342049533386671
14.972813618086022
28.228695146279634
49.299761217523155
43.26013838725876
30.86531446333899
17.16897271368896
15.12041811991918
16.502530009831133
11.528848830522548
47.21916968129571
3.7972198645436492
12.578395961891417
