45.46911621678497
271.5001934938772
65.39721734155944
40.22306469942063
7.375690432476873
14.233885790494156
23.23085827902662
27.292854889287256
17.789845534102668
37.175742270235276
65.79222235237991
19.240859198490853
4.235978773673793
5.591463085222955
5.336520159834237
3.2374039909380485
4.227813386295665
12.608937961742726
15.957909714850757
12.200723186156921
26.326330228042835
40.04870708398839
76.65327055942795
19.005529402439052
17.225585318797982
12.435795182033246
9.698325701304782
9.499206100984836
35.17549902357183
14.93864137031153
9.708266385302352
51.79662094261609
25.716659900963705
30.24561206049337
12.671989122147423
16.185658646280388
21.42609742667932
26.07191135970065
10.228623466444063
