12.970596981530178
46.8036181322623
6.745676256047375
7.249515234826703
27.83541026460874
24.20693263801114
13.254474657820566
5.721792147067077
23.780169922948133
10.233846269815132
7.167327608098375
11.878329410034894
8.091691366234386
26.967499986137412
23.136254652075678
8.980215825739933
63.260721600898705
32.755124208576646
15.386740366798463
11.71255944600182
9.291946732339682
31.740892286035802
10.306750637586447
25.987862850365758
16.66883397469813
48.14989599673265
38.11263338116974
13.664829984809387
11.134953240294635
19.90787597751354
19.35204053481074
9.261218597307717
16.91728344651699
28.021412273063646
22.338644418381833
5.881125942148287
10.841221710456452
8.22905021798131
14.714239521300684
15.391423465187287
24.75325179118036
38.753258584612695
60.61199833539814
