37.4503282088004
35.676336777570455
7.423976338955839
13.9671194162201
14.231815746517384
10.497162160044738
27.381034750449942
26.731576218285767
26.53981784921612
18.89367952697063
27.240720723658384
9.936974105810577
9.753850651957066
37.67358159477317
57.4646571148988
37.894121797721795
13.281059550734767
14.17117497911984
2.0392134896807477
14.35781491137044
25.260554611361513
53.04726088340425
13.287963844392578
27.22929893620652
11.354169092844089
12.176068373095646
22.771683428300406
15.59910835238911
33.17350567639204
22.690108329927625
18.38176373965146
5.05677519477014
2.850726322233669
15.525791339898433
