32.14261561579994
55.72656950975572
37.92429617405989
26.496906186991467
41.38478631970045
40.7703057418547
17.21291408958892
15.037846464534397
20.89733612069449
41.1183656505072
63.908209504464665
10.2160824984566
11.436084741604574
36.89641677026799
32.95853766108789
11.016279366176747
12.903819774858874
12.352256171003233
0.8568681159241152
6.225861408123762
38.318171658215306
16.69876220360115
28.461620468473825
16.402274112851984
30.844380870986186
38.14879933522505
27.069779105096956
51.37218614906038
23.898360521861463
25.15910300431105
23.60352544173105
32.366354828315465
