50.28806318629516
31.85831715324349
26.122647442517987
27.47468020417844
37.45180177978915
13.902702628393769
11.35677559755365
4.771038202961677
9.65741808621668
4.369806048051046
24.537125114774383
35.848754543363185
55.84682093943056
36.62814105580132
17.293192111827537
3.460685195847745
1.5854237149180364
1.063630814098687
50.105866587712086
7.266610766459479
24.030403252280976
11.864166717358458
35.45959275611135
12.822092986395603
64.46819767360783
27.634222700941592
20.399979843474554
18.893594810502876
24.43073531417022
