25.77177663891314
45.833001192034956
45.419963075610525
14.716801846690757
29.618130406488703
15.876975527225454
47.27867664266503
13.289653072152262
59.015357791274084
6.131694945298506
24.13498475220635
32.6446295030445
9.144785411975533
5.635853766906919
39.17148129289106
22.064248403459942
51.359427933911036
56.90724852952334
17.689105767021232
27.109658992216893
19.097681588260983
20.199420857202398
5.718172386273537
12.885756959365793
26.8498246779004
14.71365160808017
8.165681235650709
2.8961267201065795
2.0410271342767174
16.315878368158053
33.440226992776786
15.740439042052145
20.48537857104118
19.72351215691421
55.42217143722027
16.05387722237765
3.355833989489753
26.37458870416161
14.943706881496738
10.128436757694843
4.560965338377883
11.004922623768437
26.43711523686619
34.07007812312541
