35.873984008904856
13.936149076058967
11.459678294808612
22.374748913527355
22.574457064673027
37.07273918625194
17.61159751141696
3.4816982981446642
20.077063275814268
32.106011437126426
20.760380993165114
17.767498702894358
14.951327327116218
15.264301126082586
53.64972274608647
47.24223863917324
0.0
47.009943376336494
21.55311665149452
23.3177731452285
23.739735727241424
26.36796237608516
16.96417319636123
21.065465054937945
28.477032521525345
24.798642934903484
13.01384872433141
16.08713975197827
