24.544118361003612
28.65672511877918
19.454787367239135
10.231090029463871
51.10317373499643
14.39121816013251
5.929036138948533
14.70682911781114
61.814244844051345
20.482577156450816
25.957707943496246
15.536761272562089
21.18223945618871
28.649296165253233
35.840282571191324
13.362349041315667
55.52381176673376
439.3713379906517
36.514202881168174
42.076009632146096
20.27116137388839
10.146870446448602
4.537539654435875
5.876059234581874
25.89818564787285
39.66118195692235
0.7464905971747839
6.907788164991672
12.99843737285211
40.89253986501325
21.3397393035073
6.079788142625901
