30.171859284116124
35.87423715575382
22.216355500318002
35.365821144702124
8.499657994707263
38.95193269426855
11.738246913028377
9.649053989203821
25.282753730144222
14.40696993037065
44.960671351563946
23.426777625063636
25.394340924925444
17.074971077712064
44.41464638064397
13.830707770755296
8.599884314555268
17.038727826029955
5.747239955445593
31.292776934415656
28.997136512817207
2.8613851225705673
7.297908588799828
8.63389496337328
7.5556854815500145
31.75434857909252
9.875723671318553
23.42563830048745
