19.76601762847173
21.25588182490779
7.982483335678438
27.27133665139536
3.3723639384493396
32.29527504126881
12.028290976088584
34.54139753809345
15.821060833728893
20.06963594783457
21.95042740008371
10.990488497165884
10.96477057322167
36.42475993342184
9.486046393111309
21.737922035262955
29.01196039810668
9.356908435792405
7.115259233960572
26.78389866518168
22.889861972564262
15.36865817854563
29.82959814936396
13.206744012524211
66.05403221751102
42.96713611287062
6.348730230965828
4.219107193438603
22.602234656906603
21.60205235728006
23.59731528760871
19.196247307796156
