18.71748317793623
21.272355356770618
8.497517522549572
1.4935929521248852
7.530308573132615
22.976844030515423
18.380881418315184
15.496755927800706
9.37427798595563
26.917707393017324
4.711523968625983
8.67072082136255
12.810429305822879
27.34110998788711
24.260416526912763
17.47262075565861
13.620263263382995
4.658886420901553
22.863046665739873
71.68338631459324
12.258498961949329
32.30157619569127
24.88483633895828
40.97422501967881
32.03122480247593
64.02175156356975
11.27604579085316
45.777027065998155
42.32101786280984
