47.18689073338291
22.600522682728467
36.950256219170996
22.432436239006762
33.07474344929582
28.438101699065896
6.582625229002147
40.98716027745725
24.29212696959297
44.90179139472083
13.979909237738951
21.337960887769526
51.19161129446039
53.324664170728525
18.184675080799465
7.403833001181681
36.7345660797577
27.17539937247298
49.824133637222474
39.30244787911393
3.2196466385810254
40.097117441196545
5.637479912775973
23.150842677219956
17.245478889072984
35.44913839949736
17.89393907108098
18.42680674577339
38.77643839372831
64.90069968682374
