25.585139979538923
14.802419625047492
32.887666358437684
11.146867378398952
14.768494813509022
13.990282611317184
0.6648800143321836
17.071630346501124
6.517179219680358
27.958545372881957
38.094072814027214
34.367617430713835
36.64704391912389
24.99855076900829
31.3531410438257
13.189343529146072
38.26526476052484
25.285332145045032
32.491962285697525
9.176876409556996
22.674713514386298
25.597932644128036
10.421347657113884
15.595706447643423
38.39863876615276
18.995965159378244
28.19620350468371
32.14528392833043
