41.67647926343221
53.636127702834386
49.92783654290612
31.4147430948733
29.617039495710003
47.248080184794176
27.390297711808614
43.194021461768614
24.341732490291548
27.708504716886964
27.580135722177687
4.783511163021359
7.657583187005827
3.6969146563864825
30.124514321388233
28.645452866510908
56.827590455322834
14.961863122447951
31.483344644770796
12.977281915603285
33.751202283071876
26.346361464027183
27.115004645473434
16.55519097347843
18.288485043376028
42.93068685324093
10.695161333232932
13.226608850384608
17.194459697385696
11.791285741357314
41.96767603533796
