47.74026307860956
31.084632201888184
58.20051987126365
14.679945313680463
27.74226438440043
38.42472634046824
19.439021106186388
14.9778652183997
6.674257151767534
26.616076699774823
31.77406981367747
9.074167635027393
7.399479823554145
45.39213665549765
46.21661763558015
3.3112475645898485
39.4257082757879
12.506634545478562
22.785965120305235
27.45107198484463
42.76079386230951
51.45647552065138
31.665116384547375
10.965698977113206
28.649733782488497
31.989361086558347
11.389245898122937
19.114427295820434
26.81308699064043
12.797029156311169
19.18758700607482
31.989304110494402
40.11923158476628
34.45074271771638
41.166777163265564
12.100915620357966
22.293997027599175
15.265178418125089
