12.290710660129804
34.96509932467521
20.389379538137405
36.557320484432225
3.6208251837469305
11.52208661372272
7.514562222361604
6.216714677061091
17.269267820716536
6.317519312092614
24.867673502741212
17.233352841272648
40.19913430005262
10.68961322156386
25.436277377158447
31.624351648737814
13.287704984399795
12.945031214048669
24.946285001077356
26.038091228827184
9.226174906253675
35.450328641626626
32.28092288531272
36.024528996056944
7.280530882799297
22.666527242731817
22.43186027655163
17.172646845754485
33.715947436129255
41.11397836828807
29.048887608436544
