34.50612352496054
19.492638514840593
18.373988100358872
40.68718441734114
30.54287641450084
8.241368876029583
51.43277712807503
9.417019514338762
8.94966540687355
31.079713287938404
37.16661531229218
42.546890291300144
30.135389251626037
13.147470211095722
6.5873850299457075
72.61901422968162
20.10210344161669
27.097462479485316
13.379108774497041
0.9643603803703513
23.19545499242031
29.08823649859839
15.912061079597436
11.179246653421515
20.87902851619539
17.082784739651117
41.21728885033491
25.283805325724174
18.69443990615416
