32.65367909040762
16.358026677847477
11.505042082184929
13.709832568268354
15.337114101340276
22.13356884709701
13.032655342813484
36.764438808329956
29.56893581086146
28.256874881376547
8.61240333823676
2.0207527570514117
9.567857557576502
25.790454098675383
13.06807455241264
19.979207559571833
49.29123861725439
11.639025552000362
25.078203520947085
19.246636661706745
30.819189967813173
11.826466566036473
28.888186643825605
15.57716955369014
24.62804325614114
1.3698704845933776
62.40103574610251
14.033957021686248
27.89693046796775
27.778338977900674
15.663025112193452
58.77934124149547
50.04542386214656
42.37517167994186
5.191231925755588
17.730886981981755
12.033329808142426
9.878655600834492
15.946703267672845
9.27270481348667
11.236671955284507
3.1518079149682308
19.465470308297796
