23.316354540326643
4.9206181679445535
40.439695672146
14.610034981775186
20.216614479178844
3.118160801581098
10.71222584412061
22.721960335107227
0.0
20.343783015845958
47.13568458472935
24.50313738626528
17.101125425716702
16.56931833342017
32.835595923478934
14.062458880427812
28.83316349463658
0.9647302535809956
19.231623135241534
57.34903395690793
22.32191333385991
14.503787749927994
12.906293327731404
45.54264288720415
21.305748306758147
23.755897065239708
42.17826698592964
27.158635950035233
46.249648597912156
17.832733412092608
18.89154191535333
