34.560283061516714
29.37024418177387
5.742422926048221
32.636936300595806
9.191545653281935
29.907803767894634
27.012001133247935
23.909799629585933
6.516737516884547
31.307052151031385
46.89603944156116
36.91336807217037
7.549058128736846
16.70349522194722
8.862507124093156
8.928040983521385
8.909134915807641
13.289256656144957
15.033098618372378
13.924326575665503
21.56104046020765
59.18317773171094
41.68476086090209
20.814847682103306
0.3712415992034437
30.51407660156802
3.794427864751924
10.880300263915586
23.588294640023875
6.160571215487465
44.87911531899945
5.733709841903192
1.1163817231091855
29.30317078427467
