52.61036040257602
14.826311873385634
6.991555745140204
15.772650236504901
49.305967611217625
29.620920390534238
6.443569214161755
32.62036001133522
28.23852752240323
18.531728870354186
71.47657763195227
31.893039691452287
10.378374396326905
26.130637892615624
11.359350417643753
27.38335728077911
24.44115202292548
37.42668076408597
39.246907786072214
41.37933229227002
14.5797027404776
13.228296488851967
26.47082931963203
39.83451869941179
20.46186729072221
32.866608861224236
22.202425922240067
14.307750301145774
18.923272348751922
24.51266155205164
13.900422959251756
16.37705284173751
8.523161926988251
26.251350835679006
12.487251088981267
26.090623178396868
6.711266622794938
27.47239126522547
20.100697409487964
16.846350907686272
46.080847198534926
32.42184671207089
