19.66010931752305
17.388114436006475
16.673784849785335
27.331053414667608
7.168296925773987
5.603928772209855
4.848431982106945
18.96138484637777
32.76914531070592
17.27367294715455
28.782752296989983
11.86089281010905
19.929237972289286
28.266411970059224
7.636390177427643
43.768361569239204
1.5379447075661687
19.53873310933686
6.8177033006158325
7.9012879746463796
4.474160548008399
29.70470178767563
39.835274746602465
19.868310602776006
16.012729877872502
3.2845032379589725
19.43111969351773
