21.14275357149569
23.273347968548748
70.8398940702261
39.99521162228787
5.02307619887695
1.3838775200733693
17.083019640545885
24.103809620246693
19.712559952974487
45.60840229666957
56.66646749534699
46.3128343073036
12.135734976295822
38.596737166625985
29.065121982621747
28.16522892436211
40.208485778502435
22.56118301802077
36.732081130825776
13.689200165197079
9.701376227283177
45.75918566730962
67.0072258410787
24.293257078851752
13.92358632145401
42.87677395450348
24.483271723770343
26.95347941402693
12.800233899469248
9.041887898597906
