27.04020327729083
47.04948730787865
28.583245731535783
26.231576628104477
18.668523854172975
19.82645371392057
22.351288668208042
14.245617146373263
11.041536468318569
32.90591432726727
15.736183388264067
40.67567272796995
40.09871359249071
1.6170250423813144
3.9283235418289735
10.11595505945391
6.540757235497907
20.831025102853488
28.410357577198795
37.57467576963944
35.834570062965355
10.767986240398699
23.47674511432919
11.074385277128812
16.016540880574595
47.08534313031679
23.54033286977682
31.73949304140848
5.06582407912029
54.49793212790071
27.24281042268936
31.291469767331975
21.718817071832063
28.001466405864562
31.12897241993062
38.68104081955504
27.06899998419877
84.84911272002718
17.67962033638142
6.6293317241574385
11.927912433497369
32.972401692089306
37.27257515582153
10.69684522294051
19.228462303191293
6.4832950441256685
17.298226898177617
