41.026421892971186
13.236471656062548
15.032484877861094
8.285443885309036
2.4468921668456005
5.560815679805529
14.499365882084533
22.582551061785054
18.946595936593482
12.506735175515843
32.79863831509874
36.96676636421594
38.0529945082791
16.90276179633119
44.38733768668459
15.718033236599467
44.220944336401146
32.02572591072126
35.24628218489323
9.506925944309216
6.3863374187003075
3.728066431949287
4.0056975975686555
13.355886806692297
8.783018479830147
8.349422904654588
27.273803488997643
70.99233904734726
0.0
16.752317152689415
7.7349050140179685
14.976477332165246
0.0
17.979923444030817
8.337729506859404
14.776601329867304
4.751136229462219
7.832255783260905
16.95915562730589
7.794558437199299
20.933904773461663
16.97162909121279
35.9292287477397
