66.68188244985822
21.671745817373733
26.92883811597224
47.02469729572053
23.291435335612903
75.63227334435554
14.135050341461039
25.827122237978827
15.88777242592542
18.90292753935215
14.33048816819553
34.12344194659305
14.1435678623981
46.54086690036185
3.2353898041502305
4.593659599642876
4.130787201497455
15.697944361303655
38.35040295512715
27.337446594775756
33.00017681274933
6.166266310519248
14.212907842730644
9.815713942619567
21.978810590027862
11.828975644694182
15.475777431708707
22.864539007181136
