47.13254540355382
27.605080778746355
34.78378003038159
38.471427053829416
77.99721343247823
8.777412645601643
49.28450120975948
21.27450951993245
37.49527050845879
34.79251434206823
24.710690436509793
23.376042550486375
21.914455136639404
20.65838564735786
10.550522209111136
31.764258156854424
2.8117363656080414
30.670334229970777
10.487807692674778
31.125513887669015
80.2069587002333
26.729609160766657
7.205203486653176
14.395416262599468
34.95074086278339
12.82758201149801
12.104364310937427
19.161683095132034
4.985134751988539
17.60314218382989
49.9258086855116
21.170737331554676
23.31185139968298
35.71153947728489
50.79176862331593
11.358739616182007
10.51630998626834
10.97077047291262
34.84705273703196
2.0719935373191873
84.67535678891267
16.105718520203197
20.125161875577774
55.37931129456581
34.53421156709801
14.644969273170005
21.7223326013399
10.590992208453116
24.94046776607145
9.657785874439583
48.44089232500757
30.040353794105144
28.353140412096906
