23.284094871486786
24.504520564730996
20.236352425730786
3.0719768633522904
30.524649362230747
32.26678690068914
20.340076777379338
10.543394448631972
63.96985616170093
16.91258220274989
15.605430315220374
12.50422622916497
41.57245808565928
43.081279601225646
24.764622742645855
27.999427264064707
8.910103488454055
22.591832389702745
11.998868072914917
20.548818140375374
27.38309043602527
12.746952462507124
5.747827695153134
10.716823924309963
8.619679751445233
120.80871097368025
21.639442506480293
9.50265793263651
51.3568998424811
23.978988635787317
14.414845219334936
23.845958606418094
33.3708725954651
47.169648979324336
23.807964617389132
14.365550948909302
23.219169157262414
16.191552046110473
11.929781009991387
