54.16717104571431
29.694024386600802
11.714137047424543
12.291122556238236
58.96429729874201
42.03994535159818
15.710286320980344
32.421056082163176
25.20280060333252
19.531884409144908
7.081783333395322
21.438537936418825
15.071449219778117
19.74761640913573
26.725109882221005
12.68608850462833
7.787713705265645
44.27111043057721
35.34450545413587
1.9486295350056224
0.5147143610932261
68.49098518386893
50.285295981687455
66.56867313606017
14.743979321445778
21.766529732003818
34.013387504978766
6.4420309814114205
5.023117577307929
26.577226804066072
5.4670894510145445
32.91934988216255
11.651901572999279
