21.666220639038727
26.8965583565101
48.975176847353055
8.711021764581034
34.732392795198635
30.707623837395857
18.806109368629762
30.861484227201657
9.481673713812384
20.566704197717456
8.185650794104461
45.57966550316603
17.00010013329782
43.92012969291079
20.667234118525442
14.26555925624325
6.551419187789989
28.644549750221643
39.2704639901624
47.50687075249208
24.536704632658086
32.54538978999173
17.473088709814704
9.427156266548451
21.928137581596587
5.443736656848785
47.16938995385594
54.08653357824328
20.067371997157124
20.607138695811514
20.7108972935484
5.286177602578448
42.76869727524728
22.339442716632334
22.14186485065629
10.338251946507455
