21.54128506439318
33.75726928050145
18.807179694319984
42.43288908163018
28.029901750731682
23.32590869414841
6.257165808995751
25.71863094508116
47.91190700800071
19.87823191431889
4.625053390124805
14.996518205733949
21.761145202288645
17.98200194720829
58.19531135870906
11.71782857840384
15.659902312058804
4.913433412181007
55.96710061265142
11.681003439374422
8.572262643151674
30.01918915798275
37.35283669450992
9.215802043636955
32.26829680896613
45.245611522134695
27.206319615431013
22.895265651916603
9.987381508897215
52.54056895472753
35.01695491866421
10.60974902814226
17.856706965122
4.9562148035712
18.48843931315359
56.46665249997099
2.316017510346626
15.765596156762243
38.13540191359368
33.7217399731653
8.208857944461798
13.157456722909842
16.377807476355585
39.20223367167557
12.10177678078513
9.053461986951987
4.411942452247246
15.108685683917514
39.03802737996925
30.027008016078867
