63.92656138150889
30.951994070022067
32.46923258698641
19.005321342646425
23.545580186014362
8.25686164665683
1.860315606110106
31.066572461080767
37.96934300480743
19.064787046453645
25.62741582216782
23.903443744871595
10.045575377823297
29.935390677718686
20.315764975759222
14.432597996790847
9.867416620925866
11.298423404694574
47.5075468940135
31.079434001294715
12.931575279690591
3.487808536834308
15.539220288967144
14.925084677748302
11.94367452824116
16.276238345861458
21.217440564634657
