45.11613349330341
55.12137719803658
57.16308772576063
38.24775101732469
31.568233574436036
23.239575906217894
63.61486107155295
24.6398962562795
28.71918345517153
33.165164341124154
45.93414205449642
22.38748170928612
5.459902964236292
22.24492876413001
44.106384399759236
47.7496395176089
22.696254717304896
4.773152280689985
3.54932012767064
5.440756307440225
35.759589363628834
6.622217988107025
32.96693608380555
32.263226927721135
10.287306737078424
13.577473149060722
18.159246817086583
6.915919010507309
49.64024821505309
13.241135877286311
41.37655988029067
