34.64560409351493
36.22548523200723
20.575925978049327
26.882928027428704
7.800179407214387
16.09680363282625
19.395690281828763
12.329293138266806
25.331640494922596
29.813517283772825
30.24417604063852
21.888307489970742
25.61714947979044
25.515604496403057
11.800370800066304
14.50468867040135
5.7893980147444495
17.549736858739124
21.45572758797688
15.995270045554236
6.17524081340035
21.0422638876841
9.9625255208272
14.127403035035641
4.365384273332836
23.57630283074738
37.08456511825973
33.93020718223802
