23.043676501252946
40.39435104903953
32.44443934933034
33.10604099952769
4.7423853454534
26.824040692753826
3.2409744174751864
28.92437443895713
29.795811912937225
15.170354564413145
22.179009513278146
12.804998635633197
27.91606937767115
9.479677869812676
12.795049105947143
15.86666166444256
5.920057310214347
32.77029872508774
32.528737740683454
27.708715871913014
33.407285943105336
33.71456609283547
19.92801346304418
18.62056596306985
35.73894293263612
22.887308508612776
9.3411010283139
2.548768564316674
19.591504294854474
33.528403569476026
26.262636320886273
9.477485079571366
