13.01066628328303
17.15903559724123
18.604680628318732
14.327647731850917
12.156474014286971
18.32055990400282
23.144769756856704
43.13560310188211
53.44782545227022
31.212976553438637
37.43263864486637
37.123063051352844
34.47866456458891
29.98156743734532
32.53416020375295
10.235498016600673
34.294418406511454
10.490004161442187
9.899014688664778
23.80254186781285
8.556544706862894
26.60634900830361
5.660292914800067
4.5774989593563475
6.87613878614718
7.5738365700870105
34.63112292367066
19.754851392861667
10.661950857151908
26.60288368442727
6.615066489903853
9.70063015013254
20.41360078337891
39.09220101218837
26.088100965225237
