42.79110259314885
46.99777510281609
33.17498031418566
9.588134412767744
42.6543722815954
49.93747716112665
11.754037294675271
45.042944670624664
28.29313111628369
11.367117487178831
11.484993223195318
14.365808186726767
22.489618158398756
42.00539771742524
23.887896450606902
20.982107220423543
52.297205751778066
17.34091996493214
15.355735177634088
36.131251491477386
55.60379301991105
12.454062771297714
4.797504800117679
18.68418912871813
13.056756435304337
32.30206508014422
33.80879726338705
26.267986488803345
21.428654816379208
6.554093225996354
19.056495886851778
16.968913613692294
34.01401077942948
56.40402439756484
