57.43235328646179
56.763740715331295
4.925043781519491
48.80188216179786
7.7383676071562775
4.582894080790055
30.730754475691214
21.24216483146236
13.865492529022774
21.88995081778083
35.333886921933484
49.15705844592476
33.52707778852562
5.026615206063809
11.569903124219252
3.9894808808333693
16.966557009888092
20.73845593001974
45.92845797966484
14.665668805322014
27.46941391367757
20.378151913033804
24.350356817443327
15.911661528395058
44.31837691556842
11.640235595559147
1.1323763088179248
9.529951352377452
31.82692888242785
53.44442198768091
58.062136379738206
25.115835016851463
6.594422113351939
