21.4942269291939
38.53017191334946
6.9874990390763685
27.335858376030572
14.078139350040601
26.492983831854758
6.458375139642726
8.871955031085463
6.7119500884412275
11.451918422383102
25.490573077101686
27.845467482421626
17.841035886770243
4.463063979490812
12.53564346044115
17.898929307625195
21.65226578830105
4.994112610835643
1.140998196032612
21.679235196588678
27.235712536173935
36.836986906565954
6.828911253415129
6.2370292348750525
43.782514059709115
38.96668848474917
33.06825350878721
14.16540403048225
16.334046085139107
54.859649401761004
21.628784181637883
15.848822957636841
9.07174938402025
29.554495419275426
9.521493029748171
16.56656178615097
9.622110580309169
3.655756971515345
13.89922756632815
29.64016627002826
60.03298543633893
4.917661650043172
3.6926614384958185
7.287268033646768
29.62864447260999
21.664295365595407
13.552101574543656
14.858549546194382
27.175627224277832
