47.83187548545712
57.313277424281395
9.804325757960555
30.865105696282527
7.96924574628612
34.0680947709219
24.577079499176676
18.072170268628085
18.813775919349354
46.76456398181482
16.78426573018335
3.0423581642430975
52.61610213109405
41.26011661507427
13.411683179708646
28.97857482515289
18.28554826606694
10.560411190659408
7.379715636579078
8.483499102351743
17.255801863197377
23.986953499924923
39.31450781766729
22.876917255809133
7.6458301924343886
28.1811338404018
23.720432138086025
18.203522961262763
14.282444429234673
14.803989998197324
31.225277596967246
15.849827533285264
14.655734058203393
44.01077641947114
