35.231775131510545
21.636592116370792
37.10682792267011
31.81779996737467
31.098958457221457
19.330015993079
15.975294890277638
16.486034635803577
24.43826275352143
22.862679831146494
19.717665811136555
25.003793703142918
27.989311236953114
19.8740283291299
5.38339555058684
36.40231142913399
41.09404288458106
25.735514856707866
23.395245295935993
7.2669771527582725
22.40366425720316
21.776750856489727
24.12792576411414
22.006632907837286
38.19290323328775
41.97806501583277
29.366495841603026
11.475669336732011
25.679781458457782
5.67095116544084
