21.70002747709819
37.26542959400774
5.795637513806412
7.537187045458836
11.12086817623252
12.542677070538133
32.17530518425288
31.566814849951697
15.045968826970679
11.331707606505162
29.916643472746372
48.28034729318745
39.073114626183
6.481647550071955
22.46635553920737
7.407711493662205
7.74639344139986
8.967344647307868
2.5863424178858025
34.56017252432912
16.697167245566334
4.89134701036852
39.78472035556834
19.09175065302739
27.97979655330819
17.767537206280863
6.886867194027914
1.960250594269823
16.679405472126447
22.02868662754456
5.944896389867864
39.85634834619701
37.89356482319407
35.47428393099172
