45.643237963859875
25.44949768424621
3.2816909098615668
14.09214174106495
27.20552892164065
10.271640476023322
17.105508457103866
37.2578499739335
6.371448459189423
27.377223316885477
57.77089892959235
18.657450748235277
6.330924109299815
19.78916157097595
37.659511265928444
15.749916693042124
44.13988941331158
8.241740080070798
60.61624071799075
12.12187368840543
25.941888532488846
38.96325594521825
44.28950128458837
9.553122538455312
41.40669780244883
17.351945023534583
49.874359344694824
14.799131504681284
43.3513854008163
5.138372579882883
27.372577307710486
