23.204864410385824
11.072213010798492
9.023632089458431
24.144208486267217
14.334815019194679
8.307106485270793
5.20985497159549
35.097171328875675
27.23037775169007
9.155094486004685
31.366831622461945
34.12219434404845
18.354889271548473
23.143386105803827
14.360303619219309
11.991302899527255
27.688500254044854
4.54328725695089
34.595653173222445
13.537504737422381
44.5782402820049
14.514033135138078
102.6985263856415
42.16716660426732
7.031606297275374
18.904333325401524
40.49428595856048
24.88263995054001
14.673183029988763
48.18774902912371
15.617602752109008
24.0025640335447
21.45803492061509
30.593048860613038
12.91898817496886
11.922456619995103
11.417847496641173
23.71807369993877
12.71492009414392
32.11991495116058
28.296693877010398
16.919365772614412
24.98151632827819
27.926021398757925
