30.205854900776245
16.199869817362156
13.15768620502655
2.3012079517545203
66.37737554068858
9.892655429762812
30.62322384588846
41.99742346861011
16.09096206961503
14.311373985795342
49.660346475283106
30.014666204184465
6.116964709747435
18.422133352103245
2.306132356273878
26.55743301889359
17.33192151821899
30.2383977721814
27.0763336936367
10.381628805266814
23.496408155291803
20.86596481786667
40.78781836234957
18.512879467693807
27.62554288508764
7.180934849063334
24.505257612099555
5.336608698213254
32.18594595929588
