30.999868294339592
34.37309344208555
14.631362986976939
63.89171618326965
15.413168839547154
43.266041166067694
23.203943674200872
33.15504001169661
53.932672681318365
25.902811071903244
20.904111738078726
25.124418813491175
55.54687744328315
18.098900190618025
16.120160402516518
26.303635678336974
36.561739387243975
26.723280456378646
10.193784915040268
4.478762246444873
28.32425011725867
18.147210385144817
5.394296508627193
23.642582532775634
39.73899399363435
23.242780429373653
29.272323023105002
14.37223295131568
12.266541071827362
20.228577025087674
24.198629072051787
9.091745862034202
3.6128786010644376
4.008759939760935
20.725808290768214
22.934804860906127
15.725779091795175
12.053278863834436
45.82559172325212
79.5991117100848
12.304408077569349
32.663519609358275
34.243359272859706
22.019633065707666
60.20143087212452
36.80089407128405
65.58332889922286
24.442139819203774
21.170576696695406
2.057703475143427
23.698459451798286
8.340617529435548
13.661863714867081
9.898630860538361
37.231228467519244
11.269402720537911
16.13561736218506
48.15274100391564
39.203405913534155
7.282866320426152
7.841485644680219
32.8670759473557
