36.91385586517481
2.8676575745955404
31.533228204519972
24.457046507209782
7.655541684654594
10.32673038582891
27.742287278722827
14.687809213732635
5.770545883789296
18.09728551253656
51.89005830272998
12.563326021911848
21.36874769313195
7.525448097178
39.143052749002905
17.3294975766796
63.04889080672217
27.00168603344744
3.9230941643787958
14.347230913869268
18.571697426905843
9.684250620890353
20.65691486142937
25.89650487541556
10.896389609747729
12.10283294659834
12.691422924859978
19.38453257514584
13.599782681346085
13.173357589967992
7.8332477893881105
33.838792935582404
33.556228304334695
40.73905598612147
36.04961661092243
50.67483877896959
