68.95693127066524
12.861734419419633
20.38145296179144
15.035510202376969
40.651692357477685
52.72387751148892
24.54304035490823
17.14918347742902
37.17866911017343
43.9051351602357
23.328985643266776
11.212355023788689
5.6281350697178
16.735215587321534
37.5558968468668
14.12423164202869
27.225829398709067
19.8768672890736
30.066030593264742
7.701786797199389
16.746369700827046
6.77631499283568
22.772498207992044
35.52377825618926
10.619668136994818
73.06171017511566
47.47094090275256
2.752946440659457
17.697529076540192
2.319843966695913
10.649429063935145
