34.23721565486494
33.05268694666967
16.155940822714683
25.907284937177394
6.871582203731776
19.753951429796842
22.913612769681734
16.484186407276184
16.32961595026464
24.65465696613508
30.579675781303536
18.379577588466674
10.326785707763989
2.2211306169268283
1.0496472321276826
2.636197915336581
23.90640615830904
15.521870013545964
28.28799521112046
11.325635578832674
10.368805521579844
5.176243269759013
22.43784365383371
3.618338377527536
18.95582553419007
6.958818273302825
22.020891123285594
30.46011206192253
42.185095402842364
38.48928164664849
5.126434793666348
26.92089923816556
7.240330911643184
40.950081596247855
31.546665817307712
7.518568798022031
7.815796206373392
58.89668461131836
41.77992544403516
12.398209642670722
40.9096193020508
17.673045741073395
46.50737725608823
