48.114660989452645
27.450049600116245
55.73381780647382
22.55307043841816
4.46950111257442
10.496831772977757
7.300148939985533
1.1418727979365855
30.80228419119706
37.16896448953311
26.535649585612916
37.41094621572155
12.876681819262288
7.931352290586318
5.727400837788679
45.916865710239236
11.185670538972488
25.826258421960574
41.734108549472296
20.522901467097938
20.077689822216485
24.094499201203902
7.177536866492787
19.75462942829202
38.49335700305211
40.385632583363346
35.38393952962008
8.33109016877026
15.394653882814083
43.57194098667665
13.517748984617796
1.6654916016157983
39.01832613343075
