12.799271250501619
20.641947346642723
5.101698037376934
41.793999896790496
26.293894130324475
16.50831437543755
6.448346824475294
24.386814265157028
29.09832765650964
20.296195104512066
7.8703224265050835
6.790377805363306
13.172571350168838
8.850423129104769
27.904263875652774
9.221018704519963
17.842780162686395
7.760615269444131
1.980190492788097
18.327624459527556
38.56374594613207
28.759760696878402
12.702578727695993
11.773218470049358
7.040623874956935
2.580993142898336
19.52891236776813
11.590224450558622
57.71270867977165
3.6529865738916243
17.65727294484917
31.406674948956777
10.310244796043662
16.60346565561666
38.91191735115993
9.032610768350466
15.764603462633872
