25.617451416150487
17.579615005643035
34.81203463844585
33.12220549282975
9.825119344877066
67.1346888546085
36.19013150439882
20.1180786271307
12.636180051349896
44.407378521602595
13.04644152507396
13.836629172075789
18.98203330639089
33.680603960331524
51.80621231303745
60.290393414872966
26.67286206642646
9.470578052671186
21.722458211469018
18.766316843959615
0.8138633591564997
26.12747785918917
23.593536640408672
6.404734400243001
22.313115865997986
5.779996354884602
31.173239362418343
24.426763847328118
22.237866467954632
10.145336359849594
36.49787259370379
47.3232403307224
66.51905970767282
1.8643476843826363
45.60675672992804
11.596219471304849
9.019010569049158
46.07600659750962
17.57652586733218
23.80512851763696
42.97590393031689
13.08939333444981
10.386599998378742
6.8340049591898975
