40.519772444594835
38.65860160530113
31.470078166230735
5.971761715707942
46.19688412164308
22.918427639189304
8.695215092516491
27.238000538321288
11.398893782048162
8.294989289164562
28.080396393601205
11.171279747224474
10.192551938971107
15.145576703021504
29.36335822450843
39.15668553408878
30.329045699494586
53.35530238121471
11.745666084015369
15.166674771767418
49.348903727800604
23.399456633645656
36.98708637208536
38.582923719309264
37.69707899339717
6.021719728023768
41.71298320632083
42.337772671911694
19.917742489173747
52.318395207868875
17.9307576385483
22.231649994839785
32.03791268441529
25.174482616285673
1.1656730478333373
62.62579641241264
42.15154766884146
