49.42849507929638
22.862997398668853
40.72289142816125
20.453809603772683
34.99129561269376
61.4975706813584
31.651462676047814
20.022112836387905
32.44595224676024
3.1281607323791008
29.53341786191612
38.83741572425046
27.59131864098299
50.36898506987946
12.011847014154853
47.636817174058834
18.442060580979586
8.743293243805098
22.32418012177547
27.652801462858605
17.809096128173437
44.39755198053774
20.82945611016244
7.006288354631778
11.031455690323853
30.994343198610935
6.652695859178067
20.023440662942917
10.936496326948856
28.847970236840666
54.52183946418967
20.543412685361886
17.554799663303612
55.5564130230041
26.0012017562115
49.89412168154276
