21.373327811607993
22.918424937167003
15.78711171853871
21.317689349758297
43.17278919989174
35.94558860401878
3.619813469282036
12.233170124705339
13.501435861775974
5.183339628225966
0.5812332299712892
2.8639350118002085
29.217097886051718
11.738330036785527
21.041103931492685
16.32818281424089
17.00086824849548
17.211563896062074
20.03607699215874
34.79039028827535
49.07709544564385
28.144938689645926
12.825360273452915
43.97093377273367
13.445584210307402
7.375231763512332
3.3613679459764114
26.02034629932008
