8.959671612267954
52.94433547837001
9.027779233590252
42.23926271523602
26.956183986948986
9.486766387657553
12.288852419466323
15.281580434897393
18.26813229791611
22.470701505454997
47.856917883614585
40.36047102052066
38.52254503531287
12.156969032944374
26.352516124273563
18.06554216985998
24.36535360069999
58.67077667938119
18.734439033933484
17.951919981677634
15.149009669546118
9.773324680375069
10.754893434239335
1.295253955137099
40.993353331059424
12.019073019722867
14.552357785604642
54.83711021756797
15.099221617362105
15.067851110301518
39.69793767318497
2.6897302973136163
5.962937961877657
9.534163053066408
