22.847746263333903
23.728625396486123
37.48606106353357
12.146089842549529
8.850309636138377
14.934633656408067
43.89406702400936
43.92066952853321
31.81450007305793
57.57591242753901
46.6660254792983
21.588775653028293
13.405391455135359
6.478501425602914
71.32698345402825
21.306863137928474
34.09157370163345
43.521844853301175
6.092034427460092
17.269202490707315
24.52293892838955
54.216410300538286
44.51539266802905
15.584172599196762
11.357743172146371
27.752042212666908
32.786311454950024
47.36716542230262
31.45616829144211
25.397581562839164
29.106521991283557
97.59103085985093
35.79896700579175
50.767564785174514
12.916695793717395
