38.188036925168134
27.450049600116387
51.805531582521226
20.7871932536207
4.268639006030924
10.292390394686905
7.203213510411601
1.141872797936557
30.600546031961713
18.741440515888442
26.987243447493654
32.83831101458186
11.924688598069082
6.153990236845729
5.228534091191037
48.34957335375849
11.188822758826035
30.577544661648943
32.93549164995258
22.087475034457626
11.658087668600459
26.41504282756874
6.411732647399688
18.82402135410814
44.02601517718992
23.74729523576326
34.52400607285162
8.096884160849413
15.76999562067374
35.46217783793965
13.536732610708896
1.8340666720452674
11.267717690340632
