40.75324949984011
46.36790502857134
39.05217728100055
32.83382224791727
11.431121227022686
25.45094871671887
11.03277523856184
22.507485673389866
12.825694631070093
2.5626585197873624
4.456443655048034
32.634275506417566
7.101695575394643
29.11065109148899
36.9703468838231
10.873571175064455
26.390267740058917
7.859014670314167
5.134394324584164
20.127537101864533
11.055282789454111
17.969740354475746
25.78793703406852
1.3108345915386934
15.868260756499282
25.393788308475962
80.41791138145045
50.05988825061776
