24.108743386798494
0.8403188697433279
43.679218271280575
30.757457638230193
9.243963332305213
46.375423120228604
28.485979179535022
34.090021416011865
33.67388995636537
17.27746729495088
18.29105027549778
19.243253696679687
47.07818385365559
4.832523550960758
1.4595107811789205
9.405603451799635
27.107260366162365
30.73563820603991
36.965152619172486
7.208423726263817
13.78181262057069
15.239594318215211
28.006843781366797
79.4597909110867
46.59146415515015
32.69955877173196
17.37907772302782
33.22080129348042
0.0
