51.71107468172083
21.906587584373455
46.577134989790835
22.90044023273333
38.93029098018762
35.70111249162413
12.408550284887156
4.949443147375206
24.91571484524819
11.066825471195472
15.337045534204464
9.628648909997821
28.049863762565053
2.5832093885656207
24.452105842151013
57.04194013920092
73.77995795174144
63.87059622035204
24.996577288087053
49.525906916610126
47.448923559734084
13.550997087366895
9.07984169712023
36.12878952264995
12.841842417906761
22.389890507149033
13.296733783605248
28.919620101311423
23.320696320751694
66.64030705998047
23.475056701467864
8.36562529104907
17.725252173356466
37.86700378734426
