53.415599214821256
11.213738889804318
6.142945825206851
18.268699502734734
21.00693597960519
8.858730986878754
21.977005899075806
29.121137811255153
7.879810093480344
32.15673150768373
31.300918171622655
7.073456600521595
9.943493270263659
5.996237194772789
4.543170594801637
18.272596788681597
18.17892124925774
29.574182997761525
39.64010194088158
11.589581461208539
24.925129082615783
12.982788355354998
23.699229391131666
13.170337510861259
12.12787181094096
7.096388167604431
5.612603466838451
6.722304301366378
30.122733467655976
15.448635704279326
14.248837785817273
13.917764359260445
17.66702257927699
25.14547563598063
8.503416124316857
15.569715412299274
9.947983997359628
9.36148729045783
33.30873237955916
21.65644180446384
6.663709698231116
24.08916475372007
15.690372760332764
16.97438833455101
44.17986872324093
5.48345361253854
5.5814577545299215
30.0802010166893
