45.25050868138162
33.25986462951576
16.410728471338587
7.379922875415531
11.843584788443138
28.210593604198507
15.098902186807408
50.7590704761689
31.60735445959091
35.97269762397302
34.23355345004778
0.0
42.561850048711534
46.47321859938671
26.074772897741468
22.135805313821507
21.891397713177767
36.45455500053643
65.45900783557472
3.1189859227122554
1.26578422715059
29.846887161876126
29.29205428436306
18.23043623261904
60.29881877014601
50.36099531589019
13.685565690825456
35.164287065970186
26.24439320992832
21.413163283883932
25.998140268200174
17.913389531147388
4.162042324959046
28.70612496938277
22.955423918828473
21.293805695936584
