42.03545835319444
42.6756820195705
37.76308934534592
14.888498121351972
36.51522105321051
42.79895795279191
15.026208851766171
10.075006708198927
37.830063449908124
27.87368271056104
11.776808748892321
19.91416209719216
35.29489248661753
16.614057054332562
18.279589625751555
1.8059768880535216
28.528732369564665
48.54474336743826
29.480185569859273
15.045365148195003
17.114171963097817
20.414364345882632
5.521839397356345
29.577412428936384
6.601640687170828
34.61721987223085
13.02024457343579
8.48789010740758
3.5466866779951687
4.018673344960945
37.88007173524882
14.835693727432982
14.8750746530539
8.596674155762955
4.378678562419736
13.376031728425119
19.248687909027353
