50.16736300524249
7.982192201703953
34.92886790384783
23.633914498292086
15.959204145462408
13.932642430895712
20.957135789414366
6.4108868917129485
57.88709586023302
19.98602121397012
9.378383942756145
45.60439260185147
10.299998347836194
21.22647918254704
25.566565693647533
46.30319909501797
19.63178531016233
9.420880345121233
28.39931279746949
14.725140202864281
39.06912672958852
33.96871986307262
10.915613406092461
50.718051197049235
8.618773511182866
17.2375682430053
37.261625224721186
10.592914806731102
43.92960462813943
20.872710264624956
41.451844690862316
39.79496729599295
18.240840768160496
0.6624174131177796
