30.208560209579275
30.72586922811186
258.58910997339007
24.27039866008964
23.81324872364047
6.214308469289776
9.237629828611915
17.860337220411097
25.540329290190954
14.616818924809593
29.6341285488203
24.764371157769318
37.849374433352
26.361888064689524
27.437794159900847
30.94994573438173
6.562269812855604
28.423746476134
9.315552302802544
1.6839153269482523
7.183511097867267
31.938701458623072
31.996375415801012
8.709334823611613
8.734989738290352
40.51069691286487
30.24429514842288
13.65500066994413
8.873980649765613
