64.90348190348048
21.12843688753651
37.99818564326675
66.32467022221617
1.219354905543895
28.286307340116053
7.902324506509501
20.486722011347155
29.88972816560664
14.845052123193994
41.68107181701336
35.42923332476779
0.3897342449257195
30.847370552667016
19.88764651169504
7.760777976763379
13.042351376346986
6.012268954684458
22.586238012847517
28.64360761303898
2.8022872181437037
0.9222981664439374
13.73058776319803
25.919381301207423
123.38039619325247
26.698457792706293
9.0975115682987
33.25380600360273
7.201972747304808
14.616450094156932
12.037951855799164
33.637093233101126
25.767356369595532
22.856385283620497
52.30483979433005
81.64348498153898
15.47520342100843
9.118767475522063
35.58114445882785
17.641229115726958
35.98732169757308
16.990322835369398
11.645932190088416
22.53731118830838
53.23650945762208
21.77881542222866
