20.142813305080978
24.221035037595698
7.898655299984654
53.51242863582395
14.323467264269055
17.91623073241918
1.1561030708923283
15.678759439004864
32.38511908810398
7.085920596852901
33.21363604811384
21.125490010187107
23.96091219686113
12.058755263056284
22.605907696201598
6.437372889024175
22.763807421759736
12.176578378595707
10.07529162934675
17.981601300197937
16.90868863580191
17.585160834704595
6.824432338829183
12.134604902890004
5.894742009805839
17.507052197536623
10.78592885730373
97.57734039488572
22.707619815191805
33.82317390240138
21.917769938191242
28.437629199359023
19.874939532017933
29.21561383851838
5.503179625925824
14.39798331212721
14.7377562797559
18.45967600604854
26.315549135183417
6.622931473510846
21.313182236808785
20.32841913726702
7.264274149907536
8.071947436824246
26.659972865850932
21.46760349103691
17.501490142972898
33.80827815275799
