15.590061668078931
30.30002531210286
48.8315362802459
2.4194991946893083
43.70055732228123
19.028270876261814
24.934503251473814
38.06825132443572
6.342202829010375
4.831799521318885
20.197041731698718
14.009909537957455
1.0819706095579704
36.339907753108434
18.438413702066583
31.951657656082176
14.60653782276701
18.464669443000957
25.406178321903596
14.302223236596348
11.702403343971739
33.154991029791134
32.18493235841291
5.691883171137533
18.080297583218282
43.81909015995868
31.411909954268722
37.63794658467383
48.79461757681817
23.516392377446522
23.468542475902723
18.03236899723383
13.468247445759161
11.731627500707106
22.557384417263805
38.196868317221714
25.295771896531818
23.847631209152127
7.7118690776721905
37.717539343009264
24.931464838180332
13.689706917178128
6.430711550265542
