28.98790516167054
34.35946700867561
24.211765643435797
11.694192600878608
16.63502904676993
1.5774049276388666
19.635107568456448
13.854639467588356
6.130839602777883
21.84670217503202
7.869160731478416
13.12998015211781
6.821832468276227
36.49648609595553
25.07091145212928
20.21842389821036
8.70363561281735
11.490894515890332
11.93044121329828
25.746192727821096
19.57798190343395
15.763315828684853
30.485354709433977
46.970881593296454
9.165431767331114
15.623426931925195
5.531810600341515
19.605708068936764
16.523940142353965
12.901985851022303
104.8119287607879
36.73881357832806
32.427611296866445
24.78560770642511
18.74633988633684
31.452619263189604
47.44433993669753
9.90362065406552
7.543571746414173
