12.340889769340691
21.27291991940365
64.81343674651467
35.89289338310144
12.165642844178677
45.61510486292153
5.6218131907342865
20.10925790049164
8.62927987673443
55.34445184313793
11.514772030470056
50.34756379278616
0.20525611912687225
2.8660687497362574
8.405338447649783
16.060982173502538
10.72392248786511
7.263029709085146
2.7811393568461256
5.071748266081244
7.633446866966409
21.865092012490095
13.063702041644333
14.650891128695704
41.18897956273234
15.163977933980021
27.941786205309967
5.300898534202673
53.90177246593639
31.089427464134303
23.123353334894873
36.288592752421536
21.519977746998094
