40.63393542412487
54.779546477817945
37.30772803804325
54.63775197654627
37.299255916317136
32.35241470424447
18.707191048404383
56.66944667963193
18.69599727264105
6.958437206661586
4.732617506987225
9.693721463974285
36.041670497690944
15.17887239894651
6.425187367608942
0.9005472902670419
23.75781263780621
23.871280120821837
9.40232523069659
16.313695047240316
56.08914602214928
42.57662491405108
14.385637967520097
26.938792275931775
128.80162849470662
71.32954755804707
8.81982140009103
33.63424632398434
7.036504713265572
31.893435090544287
10.737005648506184
10.604629751108476
15.171341609217023
21.738939036059065
40.48121883673255
17.323598634010125
27.56798043562935
8.048286417503391
9.283126121638503
21.11416318599332
43.81620724885839
11.446455915722396
30.240396310793443
13.724698563171543
17.854924515747115
37.59571107058994
