18.526366751677642
25.860066352267083
14.236847108714343
6.827463977002225
8.099497677048817
7.07353716324954
10.040442425397046
5.221851620676645
35.50844800101132
19.01366027332128
18.773115492163583
34.8298185151191
12.695992048300326
5.056750641338979
12.897160210756539
6.101400705461003
13.21707577818465
13.663600885252038
16.881184815145062
11.50559416180252
11.530146680544945
10.610385012937954
20.442565992662026
15.808861699644794
7.657111643745537
12.48175741910137
21.85820889664626
44.99493328886389
16.31917836696394
18.323805766489897
22.88195519508237
24.728590999221893
46.595200023850936
