28.664238343803078
24.253275885332613
11.32826238006794
8.923515907979436
4.877052128602855
3.4887812038230663
16.38288606489448
22.493225528601485
10.795554702505413
13.08197076775238
27.044256918015478
20.31867392524694
15.555231691894335
37.571299022123895
52.137814923168975
23.196967887495617
24.646908896469114
36.93312029593994
35.55784160770202
31.401106275491287
13.5359424174884
31.506808091073268
36.73536257610539
53.401948711741966
8.259336357159128
12.011176335534984
12.82759231382397
