31.17993708012267
13.920528226069251
54.188599519263846
7.456310229472123
25.857136341748898
42.6902364806012
56.717513016996946
24.713300049338642
1.8874364828433983
65.20423133941834
39.37345935315223
6.91125741971976
41.37763345398329
29.838393185220113
60.18009759361617
37.38679533613396
10.15512553545885
23.540832934637905
48.79090967281519
29.14118595701835
8.257930131855318
16.667755210477026
12.693613205912158
29.33510812400067
5.770456969487043
20.948866050359356
31.6357062725034
45.872768704689236
43.58694197294446
17.562514104738327
28.921588152917252
12.882271807658753
14.09768032783245
11.513851457947965
27.054912278220883
