21.221243751600255
13.235070142852607
27.485048814637935
6.927253530685249
18.277237692503775
5.739039205292187
6.105891702692972
4.414848197043639
17.658687098300817
5.335048566849309
21.447892225783903
5.905799468028988
8.912715690172675
13.764464609084442
15.625842509310914
9.854936879984294
21.74323327108968
22.77889647137401
29.044149391690326
7.98366879572265
2.6430112528037313
2.953573428915618
29.071476492995515
24.463165128239154
26.114061541898693
16.7814850373464
25.051409091879094
34.833894177095985
16.947057129996466
20.631141847646745
24.766884838912205
5.033645843031138
2.4385924073039718
