17.33678780900064
29.140206940656384
42.49836398102936
35.96635907545863
25.90257922084315
20.59715703643434
9.767529155268434
3.1833008451547045
45.37635248655539
27.490462522711653
8.209739843240143
18.941429070180988
74.90027903271854
41.66113262897484
36.18635382606408
35.28553877390209
4.219820434708325
6.832277623130523
1.5961592328724095
15.639172922584152
19.2174890454248
18.620906617706908
12.078821788340377
53.22232808377092
42.049677894020235
6.577025140906159
2.1988836950718564
33.86988172852291
5.79755263177222
26.167150637914716
11.102188012497407
25.45284525342619
