28.507198167392005
21.227431073543272
25.196565435250335
27.202749776297168
30.14467223759013
4.53258445217611
22.81952681738335
20.11799852112101
10.84102558078392
26.037869315884137
17.881478899519095
23.229812112029435
5.774483424712827
9.357895586046467
14.197097728730043
5.449638421980254
1.6799605411528518
5.375371274790467
20.51652975078578
35.07579865637814
47.12581767037712
23.262736619366265
3.4834939162604
7.343577152396961
25.16464167407692
24.03994388591883
3.4713816437875096
4.943800652663285
9.087529060208922
26.798104720389674
