55.8105906470404
33.35426355679131
6.173438079058812
12.176654254983248
31.846608704445543
1.7654421674710647
22.316283831059266
32.185050300165
10.31621760040116
16.490948159259403
3.606325010837452
35.816638798732015
19.184266091491637
14.148596246950618
10.920825654527192
22.42022095311998
32.69428238415712
25.052353369476734
26.331821561576504
58.3170087546182
17.519629282877133
44.47455298283403
22.330176690867845
31.798846172098777
36.40753444142213
41.423609810732216
28.684255764877577
5.839197290520644
3.6145037411271232
10.116367445357383
6.736600791713741
8.216730419261424
4.672308552792302
22.31685674076516
26.997341411150174
2.6226767062013323
