37.175611868003216
43.966518708086454
20.21453132772905
6.646567137534191
18.928599931500145
24.337687214736405
11.754037294675385
47.594688953348935
25.445064509045523
10.926722924824105
10.31922165897663
11.359657433904175
22.489618158398812
42.4400018912017
21.058829719138856
19.927244180770344
33.275369923795864
15.536089296882537
15.371856703637775
40.8948932852978
57.7075049033285
12.052031034958446
4.845648468455778
18.439463701591947
13.098520374997108
20.576642930190133
15.87868602971568
23.148725256295677
21.42865481637932
6.31389279695216
19.355995691343722
9.28443138525806
20.61915448902826
38.0597375259437
