32.90189948561425
17.773967281558782
69.67655172933723
20.844293182874395
57.7909056214304
45.901149108863706
17.312502958001474
57.12316065463432
10.229103899605747
2.626487464449042
8.038003241747418
3.565454764380007
27.040387603041665
23.284196077268547
12.437665596046926
16.345560749074323
9.441796430356163
10.48254085682089
0.6094008201653054
41.589433897598155
30.858015048693943
58.01650116886108
52.18711242045178
44.21171651822824
11.152763980851873
48.50406492630589
42.29478046729352
41.65913380846811
8.813180553079675
11.187138067859976
1.9214659570212547
22.713257576100176
31.545058188900583
12.243409271787158
23.29332044576259
51.05065161762754
34.46080810418799
41.06510175297814
52.76907997244349
37.100426572695156
36.71769801002324
10.55550258281275
26.698574365014267
39.25519929581402
45.35867077600065
