18.470804721851948
27.42729702333233
38.307717445867
13.749854597012074
20.234890386618105
36.74405548661406
27.848916308143743
33.780938875998146
8.768447912060935
19.143487187001853
29.226780655968284
49.78378606748653
24.45980724766359
56.4588678271336
40.059454474717754
27.784815711162906
26.474348707874213
23.590138657863832
14.298286492669817
4.210909540307512
47.374595017205266
41.44464469706607
21.66327330940112
50.69017244492251
25.185424473272008
23.48699760627038
30.49392597424955
30.07358506885575
4.825801873729162
2.6576773367692823
19.096161628730755
9.291859084262427
