17.757402744786788
26.260616906818314
6.21256243683527
16.38704967517785
6.672258479993019
27.071506528934933
14.407994450323315
30.032026439090004
11.101048374386295
15.448859238890307
0.841679916811529
37.36846147246165
27.406475444989752
11.941417247451426
20.691502459112655
19.19678685277158
7.644716846223062
28.709393017562604
18.331426071020303
27.57638595866939
17.37844951654091
9.793536242859872
11.587898107315752
20.859319664317084
30.52782361125776
41.632151471675925
7.92819734302563
16.779806206454978
25.44968071669045
8.83124104941686
5.2352914931627765
