26.78912034031225
28.272626642457823
66.65162226394315
45.36132667216812
20.15991267820273
40.71699480393055
21.359226690243048
39.09660576502593
42.11910668407482
1.229691452256347
6.427968590638798
52.35911816721263
21.998419803913606
1.8530680797362749
6.091134568296539
48.14006922853014
13.45468433218656
10.330547291014923
22.695625081207268
8.357057535456946
14.928979672798121
12.565296871755123
16.431688282260353
23.704654424549375
40.657072287393476
43.72541461286818
64.71981622909294
15.441837903926654
36.2993091152418
30.688656657984993
43.53337286403993
16.854795163054504
50.753819263562164
9.853533468165125
28.60238856318726
60.57192745336742
32.97549203658468
