17.714171621020597
9.681286659185389
22.677535621265605
41.923898055921825
32.68890145880425
13.518242380783065
22.15480372143041
35.54458014513179
46.45733139989076
28.984192936218648
15.766484546487646
6.611550496355477
5.103498427733541
5.6324431488306175
27.08214120131194
22.66402268970964
48.616688912583015
20.40720192540232
13.785228578740998
13.963481078194732
19.521753237878727
13.558396844767827
14.90671996694941
14.058051804618003
36.434272774105224
24.46947389547401
3.320595738012045
2.388950671795854
6.710604868437358
31.18878723670494
30.938701411680526
31.586890190375726
57.92160901843289
