53.803856669509656
16.65796983077388
38.88372585533675
19.830553590730077
19.335215584338954
6.632182680296225
13.634619738890919
12.391162056479715
47.31716924213919
11.480454567008564
26.106184471725726
25.210128294636164
6.722964034566445
28.503150490833846
4.751435568835717
11.00432092016085
18.569733549048863
39.234519870439684
40.06824036697739
21.892311636206628
33.17682118939469
25.170903489515666
2.3653865237093044
13.848035008050886
11.887551809647093
35.566406805118135
13.073263526551045
12.458925218719074
12.148323791464179
8.25718789708344
12.269404630980404
3.7717053521543704
2.414281995391434
8.59482775075196
43.7478376881804
10.981159313953327
12.175940314917085
5.094287631224574
42.21923889880293
49.39815673077476
35.278872387642735
13.542298228964967
28.34025229553336
14.02772850135402
9.338301409101646
21.80681038153253
10.06283682351858
7.490020218068807
22.62622058321793
20.144574988598293
14.313352308607534
39.403375641800835
18.675086862664287
12.389102398189863
0.4403273420978877
20.09299681350703
