13.283825022598421
45.10802554538738
3.2438132298169933
36.69352882138725
16.357061900686773
4.704756145269641
12.343048625675209
26.01603431990293
50.250678616826576
36.848832097836905
13.958267782852076
1.9402873173235804
8.621066515619646
2.339132655948859
87.74035065371704
24.895734612355284
32.45836753047999
28.401653705015605
43.84654238428621
33.85557716596226
2.2728775944924706
30.58996607649935
36.03024871613263
42.77311492416608
62.208214470529114
22.726928280718326
33.66155250099018
12.469233982905962
12.644011492798228
11.4254835682369
45.08257984027736
25.012479919087497
16.42948241027824
24.110152228614965
1.2223717604545357
9.988144599542636
39.2304456761653
13.02005745467595
