29.53024137650442
16.927813638913335
41.11635905303416
15.148291767383057
24.08613174457753
20.90133810803593
10.067506788370906
18.67088513042529
20.537218016814137
26.737380959438795
22.92159704314784
10.871306739307954
24.536459651385286
27.13307333444118
17.2272804088704
39.83011459013217
27.32275693559714
39.644340345633395
17.121074005200256
51.15557347411621
9.223320807363223
19.560794291234856
25.04374561133757
84.45498143679748
23.45161237539503
16.005831695949695
6.444145877051085
1.9600913592502849
26.98628579865688
1.3290292753687964
7.1484405531659405
9.049021810334551
12.195618443137846
15.898514358992884
40.644087617257654
3.786489085291464
67.44235890867503
19.117123623840655
26.49429388174056
50.48980205419625
42.1413239038382
24.410169842160258
34.68703576191771
4.795691970469392
