39.60560116888101
19.365880173992423
6.647249340281718
19.59706064134096
23.43827735283429
18.11458022457714
30.28985245000021
11.11602025395004
11.704615467567152
69.09126927201801
27.724558598750775
44.53539474093621
39.975019860414704
1.3750081562312602
17.04920950542244
38.09809378255454
15.08290688544102
19.313929254900984
14.290973303877081
29.399335770769056
29.481130427285308
55.9924551193631
27.56954658423902
8.93796691558353
5.734391807844602
11.631041888930184
42.72008571322574
24.850467470539954
41.5785620624157
20.107526496560354
16.05316876849605
14.09370497694907
30.222692355609922
18.813854311964278
54.778795100534836
22.963154232024976
44.99304563171705
85.87017124147539
59.566839470101456
26.88523467568261
39.82268879199013
18.335780735423654
6.474222216177537
6.2463138858272345
36.1548114539664
54.42220205868479
