25.29688731604915
5.396572625893668
21.25710109009941
11.713200976667821
1.7017258169230303
3.973829103779835
2.1593706318731165
6.030429999474464
7.204243822751408
56.23220025406707
33.386858490057904
26.56168094421784
14.629590460495578
50.73962071839527
19.452174728566746
33.830730887622394
32.385058452844135
26.691406596198775
10.930483086001061
15.36620438320918
14.56624870535515
12.059114781935506
24.2595457984022
2.84623420641104
19.626664944300174
27.306055416739042
25.152517066505197
2.797917424896127
14.68484512080559
4.909729724720023
49.75643432993742
28.183234921461647
