30.503707542222116
64.22848143616118
55.02793684869033
40.32853365681511
20.59319350119094
18.309902422272927
13.203907296329163
13.170416370590672
24.87066635063431
4.5358968564304405
22.532677127074294
34.641077935797796
48.20948404431178
23.80218781551072
37.894310010609715
1.2005668969625418
11.567273846261713
5.305954348710486
1.421866637035663
0.6656801395077423
5.619660932005587
2.3932873713406764
29.49368484254913
19.90353842655921
14.443974689343491
50.5532255836352
22.57348949559956
10.767819933543109
4.129436049435867
33.30441858031341
19.57018269990961
11.062799190966672
19.8273359964341
24.361947648229403
39.179452666418356
18.180983425377306
26.939055214743007
