24.349349716320006
24.70764137877751
23.123762030957323
14.392137630284338
34.03206873643346
7.774678052427504
30.590596936887636
41.47996527137708
10.351753388688707
5.66232602961864
3.454689163429748
74.7113770624468
4.762150062408125
16.276808209711078
24.54688496232518
18.074065383151293
6.303215569344047
9.719623307137468
18.07104048632948
21.436585135205135
111.8091360423133
9.480297102381456
15.411413453168677
4.078407702264286
33.91031362102353
33.72999841925295
53.66971212203043
2.8895466708408293
32.60517881325978
26.337483711775945
22.962247813424426
7.389286728510186
28.660640758387544
33.6375955960027
10.266018383155028
19.87091360702469
9.768333710258872
11.03259355923845
7.477438324531676
3.027569456675934
40.773512915632125
35.11605391820376
14.841704361943016
11.986192730894672
9.693839954328993
46.216841028057274
23.32724400642141
17.887284788098555
