15.300325138804936
39.669511300025334
18.89054006774998
13.861946738869648
42.0681483515653
23.642257037006118
39.2146839338629
26.00708077572469
25.646267410802935
10.676560180000081
35.44121632918181
19.8092458199891
16.06803283160727
27.321922727705044
23.775076632550295
27.247304814801055
19.42829632470476
33.255703368834105
33.578943991271316
14.060943905447289
25.717876456741138
51.10604326407622
42.41758100745524
13.166795489317153
17.267239911832874
26.365316012768773
3.311742729507003
15.89726813835405
49.212723712537525
21.07332083365263
32.359208385742505
46.375773721034975
49.43361257904195
32.6596185910073
