19.865903221571273
21.373147150765504
12.489211396479249
21.496346618337327
10.17795220141798
12.110073790685263
3.655259619008831
11.947385570586874
13.962209200418172
34.90401411256046
16.98867881193067
38.38659227649896
6.912428619443119
19.779337883145757
57.60981683416992
43.93000831665864
34.9698581502648
3.7656222925320435
44.75132219778942
49.79747040667506
23.46783494425557
24.271491236012267
20.832069225404325
6.3497094344263445
22.24263078933187
17.25581520302606
14.064242454462942
13.159673567460544
14.607560875475372
33.09529391623548
51.83400558655799
54.27931829896893
13.43095048179552
23.57629459253036
18.125573206849523
24.23776790118535
9.1664451823695
26.636505337051943
26.794939036732103
12.155898628750094
34.687532111814775
2.935055279287994
16.64030844475282
11.114575235164224
38.781809989719505
13.453730961488645
35.44879004709125
39.06829136790489
36.90577134657414
