14.450081497642628
23.153591068632977
37.787862143856984
36.4365761117775
24.54425085409882
20.41944247093268
10.016972104667886
3.210338812293287
49.36433705849633
27.82584747843194
8.069500869093645
20.135310040518846
65.27857055815423
30.007181822254466
23.698574536406994
31.33434903307905
2.9094813353603257
6.320959551044808
1.5961592328723384
15.674787820090515
14.79844532506172
18.620906617707078
12.337917929669999
14.798255562870906
29.484809443172793
6.995609149582435
2.15030332192012
11.838201078385836
5.696791661579908
31.087671144207988
9.240759291693124
26.620085090728452
