27.608600741503807
36.7165417147184
9.5727329207119
1.3573465668198992
43.98659689095359
34.163527617538534
17.309447800589723
12.460022604015435
33.1781295594632
12.71490032362496
9.303299163891893
3.4932514773183527
34.71277810593642
10.789257136948166
7.183213613687855
2.258398768756379
14.189700025323148
22.053903969993826
26.099966751978343
26.00951499223811
7.502485413106257
5.760301784186765
20.327091682836027
10.155602607572945
14.570278842073066
14.57158241971922
20.29227938141642
6.760121933470856
6.519154323873238
32.38721708725407
4.576734946480116
51.806347439894466
26.64196414276138
8.996517722287734
36.822962929765964
30.831845440331733
