74.38280285681786
26.420528502460485
38.67013913962697
66.29565704531935
6.561542597466996
15.48818002273697
35.40932848527518
17.050095631980525
9.335662158603355
56.46156417514467
18.461718548269147
44.45584347230238
29.399921475881314
8.21989563561307
3.7596172856914194
2.4638860480949916
16.11472316297437
45.66013315248483
13.138781593555535
41.08365463527217
26.00006801605764
5.727467258235478
6.016696302018985
8.628772858535058
33.63193453880457
12.225778313652754
21.1066463928516
29.03309990135648
17.12401103895796
23.071026442191084
44.578858957969544
22.915162800755212
31.619958280800986
12.417368234268395
5.788050312984311
17.18904811392153
6.032876310751831
2.851560107174734
73.89655335293988
30.387046677519834
27.88084714830218
9.05066582652249
49.477453629597946
65.19668504657513
19.123268633648053
28.723549193468813
34.07905545221814
16.305964200903276
40.85720892487056
