21.067721458690926
20.736808140322808
30.732411594110957
37.677105864702554
32.35675192552749
55.86043451675077
4.498413467365651
12.215241898552875
23.191795804406325
42.626971605718154
52.616602578386676
21.995964993972564
50.11262324881511
29.510093726370542
31.527526500495497
29.14854063619626
2.3915226453279104
20.540886956243526
15.095788479122717
17.48066177446475
7.686673980602734
1.8796161427890041
39.47533879121215
35.72950453847177
26.540223160298723
24.544722969951778
15.293246903885034
8.546031763451708
7.0633730871244325
15.65740175395284
10.191798646817475
18.845079850755894
9.091084861060793
14.504325281401918
17.428195053230596
7.375894210623144
11.948064365731568
32.73553266989276
14.890363504030802
14.832882571051073
12.5380622262566
14.004932879385066
16.75078294762382
