43.9716943778414
435.5490755992457
62.82156663999022
6.773178912188541
8.062012157902814
42.07296777754338
16.686087522165963
16.640951427169597
29.867087359890505
44.78836132526858
39.4192457077114
31.85860912047663
12.87029866253944
22.14115504340566
38.617812388451966
31.082109488319034
13.20925956801264
7.964309876167675
47.42826889025301
14.14359476533393
11.524718976512332
20.608635676697403
61.60330574765469
34.07978187433808
30.645043559093054
27.65110591909044
25.660844567017108
20.47807418836622
65.19461260167999
7.933724243214115
27.314201668167215
10.801896345430151
23.063879429030777
38.52786407322374
12.854960902803555
21.58963409157063
18.123694474322832
