29.56327614522067
23.68498291629146
8.053763457092202
3.6580741752842414
10.184539348686485
3.4904753229711787
19.819613933935614
27.57702956534318
31.258378563739058
27.47376593159015
26.937275707330116
19.346011757064716
25.3521951574902
8.325457697551798
23.641362022245517
15.805605022637138
27.217474740298144
28.94191758581512
30.174010413316267
20.1701103836822
16.467675127786663
23.057735036876835
6.186290677883392
26.16611316999324
19.696497529983958
13.907569030480403
36.94024888218331
12.70439977123388
2.6804100812316562
10.950233590325666
28.80903103047197
