15.305937954019925
43.06673684188162
18.70020039358002
13.386478783325373
42.20837395153005
23.642257037005976
74.01193256923894
25.79976752368711
23.813534601428742
10.15264121336233
69.43926205712008
49.14340689740875
19.541809155111764
27.32209874077337
22.20958774586157
27.360041438062268
21.98361762254133
45.941364969395295
37.199764754082494
15.535349720803453
25.717876456741152
50.75431610574482
42.48208788243224
15.759269078347202
17.616514612084657
33.72608095976989
3.7099261908940235
21.27787071101234
52.5987772509112
20.8336650394492
42.78903885032172
54.19408103952158
51.2043429121957
33.1288987258541
