14.95657770139971
19.736038383001727
17.39642679924981
25.459478798872937
6.398072219770171
20.33240757245875
33.58019517053003
32.75838973424399
27.950044891519155
41.786474718246524
30.72850472694242
8.696103418862066
12.94021810423429
12.930805912984312
46.821180349054714
5.79865523164321
30.892433207880245
21.746694801741228
48.094480214875986
30.79509205074828
4.315195673930475
8.322146658507279
12.488929520811766
43.334528577593844
12.316594359285745
22.16741663349123
8.340728741835761
45.78757976912817
36.56526272934458
46.34184267685332
11.513841615995744
27.593636462633043
6.150557773643584
20.650084269438963
46.012092972009825
5.555959805841113
19.669894419467923
25.260668060182212
3.977702209314643
12.304402755146057
7.868257858153811
14.443250952788787
14.623404982057849
44.653045060362714
