30.08060516326387
16.39053817391823
8.814910124991172
21.330755906549257
29.6374673930149
33.372441971948945
7.21321693037234
10.631777263961482
35.44035517968473
28.07697550868447
31.874886197120958
47.238988670806094
42.9386493018054
34.05801466116344
26.15155205929929
10.175922174831584
43.25366034029332
40.6719943373045
23.27889311195551
20.18736916145147
11.566641270387066
20.918652427652773
14.002533349992405
47.47323520270403
27.33937427310852
21.200734062098007
9.740782172478504
20.34164630993787
19.933501874509133
46.203064028712575
42.83480357750874
14.011937347598604
9.994732388503422
39.567951281405556
47.270259013119656
16.159656581788852
5.616182484344989
17.04626882780437
47.54276174089563
21.221909596523716
22.405553315203576
9.584668212458212
3.7859519141220233
13.892563272126523
32.58201975648397
27.393560287431185
48.44277931685326
15.12653380301262
18.42518345180656
19.886721519609765
