79.18514126179986
5.914719188186439
0.7575836689547941
34.43335687344751
24.004027275597508
13.82943957556273
17.004036349756703
1.557359790434944
43.552184113072585
34.648326617252636
41.935800751939894
21.86721575325629
8.742371390735272
10.712801797323294
29.143021173716747
16.620695987725256
55.47078004905103
12.158159347962098
53.96453637174665
1.1770281923670325
11.12934109986891
34.741387257528245
38.73351257093243
47.39135120623068
12.165563661764054
12.616731585551094
65.04029241900687
116.36990343338181
4.344114036247333
18.28798658753179
10.156879793988324
48.91232583340597
16.89325825706078
22.00512571424231
