44.76286480846147
24.835820757347605
54.3553682026409
32.22978056659662
17.14954311101573
32.76239930119593
9.29427086092872
35.12901917728935
35.39880221073449
41.97462236331771
9.757668182173177
10.301794784816565
0.8353610326632861
23.93515878383596
20.889328459268725
20.549661947831268
11.57811916336766
14.811532333331968
14.082898980121158
30.924550525490602
10.396659227235318
12.787414710757474
1.9772743933514363
26.296801982945254
19.541806825111237
34.44651824737083
40.299654876572646
18.10023711944359
3.4119160383029055
18.868140047953986
4.755272832573496
28.37735253585994
29.582774969915604
15.24813068581149
12.42715310358308
2.673605027983456
9.56217248841358
12.500451808900038
21.290729228860258
28.99448239731035
30.477492200163653
29.711795621737764
24.276704577779498
2.1182256075319685
14.636497020722771
3.4551036161671647
