21.021008847249107
21.146852223632607
6.773936254592314
28.82047920632624
22.588025069903807
7.196201423026309
59.37542162530693
58.09546811924908
15.20117005734906
17.28903322493919
19.196199606459572
10.241282637560971
21.36377606041239
27.562694759695447
11.107097780288854
37.96885872569527
36.840755387492436
6.558845457742791
31.40246562108196
16.622211603696257
25.27933371676147
33.60869102863653
5.066070376524152
21.023659117018838
46.93214039652747
37.73568975651634
25.09711733604769
31.977766464086073
27.10064671308581
8.74154914356609
34.134043453139725
27.29802019073233
7.677475255621204
28.76004887446149
40.523558582735504
17.84153698104265
14.973084216176744
7.1774838292922425
1.394815728896333
42.39492626609862
