16.71972835362243
45.41300555197242
15.070907575700119
19.958423483627513
3.5416110759350943
17.795458913551073
8.35318079937727
12.37107795519691
15.203634460170619
6.537865327131797
28.02035008160358
7.968124998834526
30.150223616744498
12.520612278439955
22.822083378223766
2.350584879626922
25.65259927397672
39.79056106644666
23.895993618205466
27.37292796423793
42.92505784404106
17.5745502471476
20.882149470399867
9.200773652562702
25.706608385724394
48.00100032889384
31.970887221480126
19.04990872686311
13.452968394129527
37.75090968016883
30.106242503876032
