23.145766503218965
74.21759094089461
13.982524140125207
18.880442120434097
13.513197411967312
24.955741908349836
31.10392358420856
40.70178848279275
41.80666069514676
22.629728315244307
21.709946782512816
19.2527053672615
11.060988887926953
16.1012675492333
2.989144369192573
13.974319054506083
7.776981923618891
31.374271077099905
10.267217270360845
30.340733657983904
43.52270810227546
4.727560647492282
3.6029812738011913
4.810347373298299
24.57567480406604
36.77761387939479
15.42818547701134
19.830334844181934
20.54546480038279
26.85216801980323
27.318478505447956
28.074521593512742
26.110632479188993
37.4949317247076
8.202772360462234
19.443169672418747
20.499525528542762
30.52866251243219
14.747496307433778
4.238620092410457
6.272050652064436
22.078302162534996
8.525390436135396
