64.51033321055893
16.269972366908377
22.15254365269442
5.915622857333716
10.038854110447787
48.18081450991113
20.175416135611954
46.98930802286421
9.608638393797776
35.44663789457226
21.457474341868007
31.8640147662271
43.20931800059401
42.22983546117767
58.65332994085253
18.499101476194312
77.10077028717492
22.830131378253043
18.029330480269948
46.04721254890441
36.3095788892644
8.848239168369517
19.581612232542682
3.1106609927471425
28.4969367466783
47.63994758797011
12.431440608690579
27.83727321601772
