71.81379389418328
24.033766162954777
56.45588435241321
29.501819822551823
11.730984137517282
12.420265923158354
30.063958987721833
29.160500380192218
51.305078349159245
37.263501715855355
29.316479966904154
17.500620331802665
3.628383699874547
19.118863041683397
15.467196643270228
22.22442066710387
18.47712916962496
28.146450876318184
9.807098165059514
20.61087744978228
49.01731792819517
21.618307234098438
12.684254850525775
25.18387512368173
24.84611235888721
32.70592291506746
27.12589064471058
6.054152215438421
6.343395918173556
21.437718915673912
19.6446979454968
15.599045456075658
29.323440461958654
38.05771122157648
34.12620178958639
5.282605539491286
13.816262467370535
12.643784940695298
48.05294550319721
42.765183379387395
27.21531853050888
23.092052439237193
9.20765475360416
27.29978512057245
4.961115611463441
29.933993190704328
