19.20823323604992
9.854808750770275
21.02118154597639
31.88646173818921
34.843558857859946
43.83113997177658
50.6829351074978
4.180844533890536
15.843558736704864
34.90929235145957
19.430733844176785
16.651725059211927
42.739106090591406
21.538185850459158
19.879048651160986
12.545137062660046
23.326567912224817
3.513629606888344
7.5032259781321216
14.222400635404412
15.670375215713804
51.75103236810253
41.12745758738397
14.609466127124335
49.491613356256124
41.48368622974938
28.833768664896056
49.62287610286468
55.30792766726363
13.95328997606643
31.197044571997978
8.828444786229255
12.258804940671709
31.700595638962085
16.636826424020356
