54.64785469661132
25.726394151837724
8.419152386542976
19.135652933025
26.05062450838882
28.55513684650505
14.483054779468844
20.750611294368056
5.015097623427636
21.662489501089098
16.992640823688916
25.601665593958046
17.629024592616503
30.456017568280487
31.629793935673973
12.394452205463068
35.32347662861308
23.668048250546192
14.127107110198196
12.085884348316242
55.14741310647044
47.763305502284624
23.17167660594552
17.008971366813057
4.223290779157736
4.171800921809478
7.493482915334397
21.466591875345244
8.111652546965516
20.894853042594846
15.553328552758984
27.0291455287863
25.13073172769103
