62.63216753012496
21.63206200306766
0.6298433639704228
5.808208546095358
5.744806345844694
1.7476072182013667
6.128064508329558
47.24963876731148
34.09250619737605
23.092847851191863
39.219247142297206
17.71436160304104
19.74993823763282
29.670994128811003
5.602471773667361
10.44292103363739
14.08211613296254
8.84103530360511
25.70240352748408
12.123944080575015
7.845702391170079
11.599133797351726
46.47325663891576
30.90509632267053
31.051566917844667
11.76264209119995
22.7043059398367
46.706932457733586
26.156268552260272
9.93376638871186
7.123846242415169
4.436439748045245
11.625519995618617
5.888620657971742
20.948785800043538
4.482210914365041
26.493679975865163
