7.757078268589197
4.777970864842274
9.953442323617338
36.97152077587732
33.75495502525527
7.2997007718481655
30.998290405043306
17.23543187557243
25.301100844445116
37.80270238929796
15.106833087509813
37.20667914393067
24.270716192201917
32.14625833623572
7.027941692884156
19.58713355832984
19.95707541132981
18.097915490145056
28.160365171421475
103.94534691917626
23.597697161871253
48.384270997942366
18.68014257668173
16.951755554512545
4.353388106125266
16.764161164803667
42.75537729455708
54.07084562636636
22.791635142283553
22.33484956983432
25.28744630993377
13.668725281012115
8.959617508421658
30.3898484753054
14.290696887065138
16.03096378138315
10.134985829465805
48.39957222927396
