18.207809191131915
11.509209131075238
8.656638049181737
19.409953979730147
29.637467393015015
33.970663942632854
6.076137932404976
10.330308898732369
28.695310738269015
30.91848991136345
22.30257215176323
37.07929205672312
34.730644525391824
32.69535935906532
26.726632635084513
9.449364599178523
13.029243529318407
39.055738325275925
17.367282655436327
16.95854622100788
11.566641270387095
20.891775638355142
13.302612040046824
29.904559631337946
27.597682842091956
19.632048182464246
8.615495324077756
18.86469335152151
20.70980049143931
33.37001903431218
29.677103001752855
14.287675404563302
8.011602696458837
36.17738707785654
7.6201076787828015
9.486014857778457
5.363782866653253
17.09310880253372
37.052541093327974
21.18587096596403
10.141938856546119
9.833149840656361
3.693891504609695
13.110554238886351
20.025158485057275
27.39356028743117
49.74793738975576
15.12653380301279
20.25095141821646
20.773366479684285
