12.290710660129776
26.370877297134598
18.28699954924332
18.434947742229014
3.818776749241408
9.514854537052699
5.944063666876431
4.982519073612451
10.798728197698168
6.3918119763180385
25.954911781006842
15.06430192477616
39.867548139705264
10.68961322156379
24.793357313279742
29.89540941402427
11.086530581215385
11.62910190424789
16.748719247934133
27.243977149557367
7.922024534753319
32.32279804477774
24.64436302415166
31.85896517282967
7.385503059135047
20.600417741741623
23.199040155845708
14.70953266651378
18.06042413535947
41.197370292846756
28.884447676689675
