43.17420945067359
8.407949834901586
17.187781199114454
16.879268693468532
6.228577938129234
28.610002628315385
16.484805944273916
23.54773542181843
10.680739236199315
8.12717853834053
40.90394488457943
40.56922464155217
14.742031814983747
32.34793250205284
16.900608053145945
11.882895442192321
19.700690131091903
9.271789217663795
38.32242774210644
33.18704957468532
37.15901533450992
14.221008043827368
20.476329337317594
23.90510105895339
7.042467563407996
21.103999109071808
36.436761624338416
37.442733628754794
9.998322710866276
14.602541977522193
29.47910648309481
6.69932697703905
3.181948926404772
34.79337394039415
23.20351843424214
13.972927155525682
3.094473730084104
19.684841243635702
39.11822344689824
14.557253396401478
15.220494006869771
11.66494923497865
5.497485140666782
22.769591335240207
16.74954407262797
23.838623090336753
12.689816985602505
7.906779575234424
8.838534054341054
9.096385725984874
5.224882743288148
1.9101996116853002
9.655728236184288
25.406790681400636
9.278012441915621
12.643864335367397
35.54255298918852
20.621905730841576
24.430305228107812
43.80590202544168
23.79840548406544
34.8628413178412
19.60371869001777
30.256672403469437
