28.546009742106406
1.1219191236827868
7.991983514070597
8.569446557636383
14.730265921572453
57.086144267259414
5.574667663957996
7.3763967666885435
17.7438317715129
0.06391727585008766
10.433503423309872
5.492879667469907
30.901024542988722
29.49692001998264
24.18177757045177
46.80972629658061
12.555391452514883
25.146487972400323
20.703264252970897
2.400457900808547
17.43331751231017
37.639166647781366
33.197822398140204
12.178900179876791
38.65071789670618
49.328559477179326
55.10801717611005
33.047469201254714
3.1906121780684913
45.08087608822436
40.75532381011817
28.953101525206364
29.905550869459546
12.913098935416869
32.672234775973024
16.982565168762477
24.937812394651957
44.691962153629134
41.72595222531852
