24.082659805967893
58.44765241134459
33.63753031683497
32.53756030049668
6.383835476731136
24.49373376634233
6.690808221586096
27.566945291518167
30.082188610728068
16.423621923786413
21.652173785684994
12.865290629199606
27.63517336662329
9.47967786981279
12.562863031779855
38.31075797262582
7.04054253644226
33.776484275865926
30.641502526073978
43.291820636169234
38.67140441494662
32.220667719231955
19.929839383245792
18.620565963069737
36.27289623821056
22.899191663313744
8.44241373703494
2.69408679853791
51.4003867772924
42.058143241659124
49.30629061800754
11.547249485161586
